row_id,wall_time_utc,session_id,scenario_id,execution_mode,scenario_time_s,program_time_s,sample_dt_s,phase,scenario_started,vehicle_mass_kg,mass_label,steer_cmd_deg,throttle_cmd,brake_cmd,speed_mps,yaw_rad,yaw_rate_rps,mode_id,fault_flag,rtt_ms,jitter_ms,steer_ref_deg,throttle_ref,brake_ref,speed_min_mps,speed_max_mps,tol_steer_deg,tol_throttle,tol_brake,speed_in_corridor,e_speed_low,e_speed_high,e_steer_actual
1,2026-04-24T13:42:42.659Z,S20260424_144242,SC01,AUTO,,0.6418,0.6357,start,0,1500,VIDE,0.0,0.0,0.0,0.000245,-0.698132,-3.7e-05,1,0,72.469,0.956,0.0,0.0,0.0,0.0,0.2,2.0,1.0,0.05,1,0.00024,0.19976,0.0
2,2026-04-24T13:42:42.712Z,S20260424_144242,SC01,AUTO,,0.6939,0.0522,start,0,1500,VIDE,0.0,0.0,0.0,0.000471,-0.698132,-6e-06,1,0,49.252,2.412,0.0,0.0,0.0,0.0,0.2,2.0,1.0,0.05,1,0.00047,0.19953,0.0
3,2026-04-24T13:42:42.777Z,S20260424_144242,SC01,AUTO,,0.759,0.0652,start,0,1500,VIDE,0.0,0.0,0.0,0.000442,-0.698132,8.2e-05,1,0,113.427,0.097,0.0,0.0,0.0,0.0,0.2,2.0,1.0,0.05,1,0.00044,0.19956,0.0
4,2026-04-24T13:42:42.837Z,S20260424_144242,SC01,AUTO,,0.8193,0.0603,start,0,1500,VIDE,0.0,0.0,0.0,0.000385,-0.698132,4.6e-05,1,0,173.433,0.337,0.0,0.0,0.0,0.0,0.2,2.0,1.0,0.05,1,0.00038,0.19962,0.0
5,2026-04-24T13:42:42.904Z,S20260424_144242,SC01,AUTO,,0.8867,0.0673,start,0,1500,VIDE,0.0,0.0,0.0,0.000364,-0.698132,1.2e-05,1,0,242.001,0.623,0.0,0.0,0.0,0.0,0.2,2.0,1.0,0.05,1,0.00036,0.19964,0.0
6,2026-04-24T13:42:42.960Z,S20260424_144242,SC01,AUTO,,0.9426,0.056,start,0,1500,VIDE,0.0,0.0,0.0,0.000353,-0.698132,2e-06,1,0,298.514,0.451,0.0,0.0,0.0,0.0,0.2,2.0,1.0,0.05,1,0.00035,0.19965,0.0
7,2026-04-24T13:42:43.026Z,S20260424_144242,SC01,AUTO,,1.0083,0.0657,start,0,1500,VIDE,0.0,0.0,0.0,0.000359,-0.698132,-4e-06,1,0,363.98,0.62,0.0,0.0,0.0,0.0,0.2,2.0,1.0,0.05,1,0.00036,0.19964,0.0
8,2026-04-24T13:42:43.090Z,S20260424_144242,SC01,AUTO,,1.0728,0.0645,start,0,1500,VIDE,0.0,0.0,0.0,0.000356,-0.698132,-3e-06,1,0,412.268,0.588,0.0,0.0,0.0,0.0,0.2,2.0,1.0,0.05,1,0.00036,0.19964,0.0
9,2026-04-24T13:42:43.152Z,S20260424_144242,SC01,AUTO,,1.1344,0.0616,start,0,1500,VIDE,0.0,0.0,0.0,0.00035,-0.698132,-1e-06,1,0,474.053,0.429,0.0,0.0,0.0,0.0,0.2,2.0,1.0,0.05,1,0.00035,0.19965,0.0
10,2026-04-24T13:42:43.217Z,S20260424_144242,SC01,AUTO,,1.1989,0.0645,start,0,1500,VIDE,0.0,0.0,0.0,0.000336,-0.698132,-0.0,1,0,516.495,0.26,0.0,0.0,0.0,0.0,0.2,2.0,1.0,0.05,1,0.00034,0.19966,0.0
11,2026-04-24T13:42:43.277Z,S20260424_144242,SC01,AUTO,,1.2595,0.0605,start,0,1500,VIDE,0.0,0.0,0.0,0.000311,-0.698132,-0.0,1,0,515.021,0.672,0.0,0.0,0.0,0.0,0.2,2.0,1.0,0.05,1,0.00031,0.19969,0.0
12,2026-04-24T13:42:43.337Z,S20260424_144242,SC01,AUTO,,1.3193,0.0598,start,0,1500,VIDE,0.0,0.0,0.0,0.000248,-0.698132,0.0,1,0,474.99,19.013,0.0,0.0,0.0,0.0,0.2,2.0,1.0,0.05,1,0.00025,0.19975,0.0
13,2026-04-24T13:42:43.405Z,S20260424_144242,SC01,AUTO,,1.3871,0.0678,start,0,1500,VIDE,0.0,0.0,0.0,0.000221,-0.698132,0.0,1,0,459.685,18.517,0.0,0.0,0.0,0.0,0.2,2.0,1.0,0.05,1,0.00022,0.19978,0.0
14,2026-04-24T13:42:43.461Z,S20260424_144242,SC01,AUTO,,1.4436,0.0566,start,0,1500,VIDE,0.0,0.0,0.0,0.000176,-0.698132,-0.0,1,0,410.589,19.892,0.0,0.0,0.0,0.0,0.2,2.0,1.0,0.05,1,0.00018,0.19982,0.0
15,2026-04-24T13:42:43.526Z,S20260424_144242,SC01,AUTO,,1.5083,0.0647,start,0,1500,VIDE,0.0,0.0,0.0,0.00014,-0.698132,0.0,1,0,361.471,23.444,0.0,0.0,0.0,0.0,0.2,2.0,1.0,0.05,1,0.00014,0.19986,0.0
16,2026-04-24T13:42:43.591Z,S20260424_144242,SC01,AUTO,,1.5733,0.0649,start,0,1500,VIDE,0.0,0.0,0.0,0.000125,-0.698132,-0.0,2,0,362.906,19.875,0.0,0.0,0.0,0.0,0.2,2.0,1.0,0.05,1,0.00013,0.19987,0.0
17,2026-04-24T13:42:43.652Z,S20260424_144242,SC01,AUTO,,1.634,0.0607,start,0,1500,VIDE,0.0,0.0,0.0,0.0,-0.698132,0.0,2,0,299.322,19.228,0.0,0.0,0.0,0.0,0.2,2.0,1.0,0.05,1,0.0,0.2,0.0
18,2026-04-24T13:42:43.714Z,S20260424_144242,SC01,AUTO,,1.6967,0.0627,start,0,1500,VIDE,0.0,0.0,0.0,0.0,-0.698132,-0.0,2,0,246.577,18.743,0.0,0.0,0.0,0.0,0.2,2.0,1.0,0.05,1,0.0,0.2,0.0
19,2026-04-24T13:42:43.774Z,S20260424_144242,SC01,AUTO,,1.7561,0.0595,start,0,1500,VIDE,0.0,0.0,0.0,0.0,-0.698132,0.0,2,0,185.014,17.819,0.0,0.0,0.0,0.0,0.2,2.0,1.0,0.05,1,0.0,0.2,0.0
20,2026-04-24T13:42:43.838Z,S20260424_144242,SC01,AUTO,,1.8203,0.064,start,0,1500,VIDE,0.0,0.0,0.0,0.0,-0.698132,-0.0,2,0,120.506,19.667,0.0,0.0,0.0,0.0,0.2,2.0,1.0,0.05,1,0.0,0.2,0.0
21,2026-04-24T13:42:43.902Z,S20260424_144242,SC01,AUTO,,1.8846,0.0644,start,0,1500,VIDE,0.0,0.0,0.0,0.0,-0.698132,-0.0,1,0,81.248,19.612,0.0,0.0,0.0,0.0,0.2,2.0,1.0,0.05,1,0.0,0.2,0.0
22,2026-04-24T13:42:43.965Z,S20260424_144242,SC01,AUTO,,1.9471,0.0624,start,0,1500,VIDE,0.0,0.0,0.0,0.0,-0.698132,-0.0,1,0,55.875,18.736,0.0,0.0,0.0,0.0,0.2,2.0,1.0,0.05,1,0.0,0.2,0.0
23,2026-04-24T13:42:44.028Z,S20260424_144242,SC01,AUTO,,2.0104,0.0633,start,0,1500,VIDE,0.0,0.0,0.0,0.0,-0.698132,-0.0,1,0,27.674,19.528,0.0,0.0,0.0,0.0,0.2,2.0,1.0,0.05,1,0.0,0.2,0.0
24,2026-04-24T13:42:44.086Z,S20260424_144242,SC01,AUTO,,2.068,0.0577,start,0,1500,VIDE,0.0,0.0,0.0,0.0,-0.698132,0.0,1,0,49.116,1.339,0.0,0.0,0.0,0.0,0.2,2.0,1.0,0.05,1,0.0,0.2,0.0
25,2026-04-24T13:42:44.149Z,S20260424_144242,SC01,AUTO,,2.1315,0.0635,start,0,1500,VIDE,0.0,0.0,0.0,0.0,-0.698132,-0.0,1,0,29.702,19.986,0.0,0.0,0.0,0.0,0.2,2.0,1.0,0.05,1,0.0,0.2,0.0
26,2026-04-24T13:42:44.213Z,S20260424_144242,SC01,AUTO,,2.1951,0.0636,start,0,1500,VIDE,0.0,0.0,0.0,0.0,-0.698132,0.0,1,0,8.844,19.801,0.0,0.0,0.0,0.0,0.2,2.0,1.0,0.05,1,0.0,0.2,0.0
27,2026-04-24T13:42:44.275Z,S20260424_144242,SC01,AUTO,,2.2577,0.0626,start,0,1500,VIDE,0.0,0.0,0.0,0.0,-0.698132,0.0,1,0,28.893,17.791,0.0,0.0,0.0,0.0,0.2,2.0,1.0,0.05,1,0.0,0.2,0.0
28,2026-04-24T13:42:44.337Z,S20260424_144242,SC01,AUTO,,2.3194,0.0618,start,0,1500,VIDE,0.0,0.0,0.0,0.0,-0.698132,0.0,1,0,10.562,19.523,0.0,0.0,0.0,0.0,0.2,2.0,1.0,0.05,1,0.0,0.2,0.0
29,2026-04-24T13:42:44.401Z,S20260424_144242,SC01,AUTO,,2.3834,0.0639,start,0,1500,VIDE,0.0,0.0,0.0,0.0,-0.698132,0.0,1,0,26.186,19.221,0.0,0.0,0.0,0.0,0.2,2.0,1.0,0.05,1,0.0,0.2,0.0
30,2026-04-24T13:42:44.464Z,S20260424_144242,SC01,AUTO,,2.4462,0.0628,start,0,1500,VIDE,0.0,0.0,0.0,0.0,-0.698132,0.0,1,0,24.758,19.845,0.0,0.0,0.0,0.0,0.2,2.0,1.0,0.05,1,0.0,0.2,0.0
31,2026-04-24T13:42:44.527Z,S20260424_144242,SC01,AUTO,,2.5095,0.0633,start,0,1500,VIDE,0.0,0.0,0.0,0.0,-0.698132,0.0,1,0,30.609,18.765,0.0,0.0,0.0,0.0,0.2,2.0,1.0,0.05,1,0.0,0.2,0.0
32,2026-04-24T13:42:44.633Z,S20260424_144242,SC01,AUTO,,2.6153,0.1058,start,0,1500,VIDE,0.0,0.0,0.0,0.0,-0.698132,0.0,1,0,109.841,0.541,0.0,0.0,0.0,0.0,0.2,2.0,1.0,0.05,1,0.0,0.2,0.0
33,2026-04-24T13:42:44.649Z,S20260424_144242,SC01,AUTO,,2.6313,0.016,start,0,1500,VIDE,0.0,0.0,0.0,0.0,-0.698132,0.0,1,0,109.841,0.541,0.0,0.0,0.0,0.0,0.2,2.0,1.0,0.05,1,0.0,0.2,0.0
34,2026-04-24T13:42:44.717Z,S20260424_144242,SC01,AUTO,,2.6992,0.0679,start,0,1500,VIDE,0.0,0.0,0.0,0.0,-0.698132,-0.0,1,0,29.521,14.556,0.0,0.0,0.0,0.0,0.2,2.0,1.0,0.05,1,0.0,0.2,0.0
35,2026-04-24T13:42:44.779Z,S20260424_144242,SC01,AUTO,,2.7612,0.0618,start,0,1500,VIDE,0.0,0.0,0.0,0.0,-0.698132,-0.0,1,0,22.125,31.255,0.0,0.0,0.0,0.0,0.2,2.0,1.0,0.05,1,0.0,0.2,0.0
36,2026-04-24T13:42:44.840Z,S20260424_144242,SC01,AUTO,,2.8227,0.0616,start,0,1500,VIDE,0.0,0.0,0.0,0.0,-0.698132,-0.0,1,0,43.517,14.792,0.0,0.0,0.0,0.0,0.2,2.0,1.0,0.05,1,0.0,0.2,0.0
37,2026-04-24T13:42:44.902Z,S20260424_144242,SC01,AUTO,,2.8846,0.0619,start,0,1500,VIDE,0.0,0.0,0.0,0.0,-0.698132,-0.0,1,0,5.583,28.684,0.0,0.0,0.0,0.0,0.2,2.0,1.0,0.05,1,0.0,0.2,0.0
38,2026-04-24T13:42:44.965Z,S20260424_144242,SC01,AUTO,,2.9474,0.0628,start,0,1500,VIDE,0.0,0.0,0.0,0.0,-0.698132,-0.0,1,0,33.623,10.896,0.0,0.0,0.0,0.0,0.2,2.0,1.0,0.05,1,0.0,0.2,0.0
39,2026-04-24T13:42:45.028Z,S20260424_144242,SC01,AUTO,,3.0107,0.0634,start,0,1500,VIDE,0.0,0.0,0.0,0.0,-0.698132,-0.0,1,0,29.127,12.788,0.0,0.0,0.0,0.0,0.2,2.0,1.0,0.05,1,0.0,0.2,0.0
40,2026-04-24T13:42:45.089Z,S20260424_144242,SC01,AUTO,,3.0711,0.0604,start,0,1500,VIDE,0.0,0.0,0.0,0.0,-0.698132,-0.0,1,0,26.7,11.774,0.0,0.0,0.0,0.0,0.2,2.0,1.0,0.05,1,0.0,0.2,0.0
41,2026-04-24T13:42:45.150Z,S20260424_144242,SC01,AUTO,,3.1323,0.0611,start,0,1500,VIDE,0.0,0.0,0.0,0.0,-0.698132,-0.0,1,0,24.535,13.718,0.0,0.0,0.0,0.0,0.2,2.0,1.0,0.05,1,0.0,0.2,0.0
42,2026-04-24T13:42:45.214Z,S20260424_144242,SC01,AUTO,,3.1964,0.064,start,0,1500,VIDE,0.0,0.0,0.0,0.0,-0.698132,-0.0,1,0,22.951,12.937,0.0,0.0,0.0,0.0,0.2,2.0,1.0,0.05,1,0.0,0.2,0.0
43,2026-04-24T13:42:45.276Z,S20260424_144242,SC01,AUTO,,3.2587,0.0624,start,0,1500,VIDE,0.0,0.0,0.0,0.0,-0.698132,-0.0,1,0,32.304,30.206,0.0,0.0,0.0,0.0,0.2,2.0,1.0,0.05,1,0.0,0.2,0.0
44,2026-04-24T13:42:45.340Z,S20260424_144242,SC01,AUTO,,3.3225,0.0638,start,0,1500,VIDE,0.0,0.0,0.0,0.0,-0.698132,-0.0,1,0,11.301,29.948,0.0,0.0,0.0,0.0,0.2,2.0,1.0,0.05,1,0.0,0.2,0.0
45,2026-04-24T13:42:45.403Z,S20260424_144242,SC01,AUTO,,3.3855,0.063,start,0,1500,VIDE,0.0,0.0,0.0,0.0,-0.698132,-0.0,1,0,19.399,28.285,0.0,0.0,0.0,0.0,0.2,2.0,1.0,0.05,1,0.0,0.2,0.0
46,2026-04-24T13:42:45.464Z,S20260424_144242,SC01,AUTO,,3.4459,0.0605,start,0,1500,VIDE,0.0,0.0,0.0,0.0,-0.698132,-0.0,1,0,9.149,29.934,0.0,0.0,0.0,0.0,0.2,2.0,1.0,0.05,1,0.0,0.2,0.0
47,2026-04-24T13:42:45.527Z,S20260424_144242,SC01,AUTO,,3.5091,0.0633,start,0,1500,VIDE,0.0,0.0,0.0,0.0,-0.698132,-0.0,1,0,9.601,31.387,0.0,0.0,0.0,0.0,0.2,2.0,1.0,0.05,1,0.0,0.2,0.0
48,2026-04-24T13:42:45.589Z,S20260424_144242,SC01,AUTO,,3.5712,0.0621,start,0,1500,VIDE,0.0,0.0,0.0,0.0,-0.698132,-0.0,1,0,23.971,14.437,0.0,0.0,0.0,0.0,0.2,2.0,1.0,0.05,1,0.0,0.2,0.0
49,2026-04-24T13:42:45.651Z,S20260424_144242,SC01,AUTO,,3.6329,0.0617,start,0,1500,VIDE,0.0,0.0,0.0,0.0,-0.698132,-0.0,1,0,20.575,14.205,0.0,0.0,0.0,0.0,0.2,2.0,1.0,0.05,1,0.0,0.2,0.0
50,2026-04-24T13:42:45.711Z,S20260424_144242,SC01,AUTO,,3.6937,0.0608,start,0,1500,VIDE,0.0,0.0,0.0,0.0,-0.698132,-0.0,1,0,19.247,15.399,0.0,0.0,0.0,0.0,0.2,2.0,1.0,0.05,1,0.0,0.2,0.0
51,2026-04-24T13:42:45.776Z,S20260424_144242,SC01,AUTO,,3.7582,0.0645,start,0,1500,VIDE,0.0,0.0,0.0,0.0,-0.698132,-0.0,1,0,29.499,14.124,0.0,0.0,0.0,0.0,0.2,2.0,1.0,0.05,1,0.0,0.2,0.0
52,2026-04-24T13:42:45.838Z,S20260424_144242,SC01,AUTO,,3.8204,0.0622,start,0,1500,VIDE,0.0,0.0,0.0,0.0,-0.698132,-0.0,1,0,25.107,29.117,0.0,0.0,0.0,0.0,0.2,2.0,1.0,0.05,1,0.0,0.2,0.0
53,2026-04-24T13:42:45.899Z,S20260424_144242,SC01,AUTO,,3.8813,0.061,start,0,1500,VIDE,0.0,0.0,0.0,0.0,-0.698132,-0.0,1,0,12.812,15.664,0.0,0.0,0.0,0.0,0.2,2.0,1.0,0.05,1,0.0,0.2,0.0
54,2026-04-24T13:42:45.962Z,S20260424_144242,SC01,AUTO,,3.9441,0.0627,start,0,1500,VIDE,0.0,0.0,0.0,0.0,-0.698132,-0.0,1,0,23.192,15.178,0.0,0.0,0.0,0.0,0.2,2.0,1.0,0.05,1,0.0,0.2,0.0
55,2026-04-24T13:42:46.026Z,S20260424_144242,SC01,AUTO,,4.0083,0.0642,start,0,1500,VIDE,0.0,0.0,0.0,0.0,-0.698132,-0.0,1,0,15.906,30.573,0.0,0.0,0.0,0.0,0.2,2.0,1.0,0.05,1,0.0,0.2,0.0
56,2026-04-24T13:42:46.088Z,S20260424_144242,SC01,AUTO,,4.0706,0.0623,start,0,1500,VIDE,0.0,0.0,0.0,0.0,-0.698132,-0.0,1,0,27.549,14.816,0.0,0.0,0.0,0.0,0.2,2.0,1.0,0.05,1,0.0,0.2,0.0
57,2026-04-24T13:42:46.149Z,S20260424_144242,SC01,AUTO,,4.1316,0.0609,start,0,1500,VIDE,0.0,0.0,0.0,0.0,-0.698132,-0.0,1,0,49.401,26.551,0.0,0.0,0.0,0.0,0.2,2.0,1.0,0.05,1,0.0,0.2,0.0
58,2026-04-24T13:42:46.223Z,S20260424_144242,SC01,AUTO,,4.2051,0.0734,start,0,1500,VIDE,0.0,0.0,0.0,0.0,-0.698132,-0.0,1,0,17.5,29.861,0.0,0.0,0.0,0.0,0.2,2.0,1.0,0.05,1,0.0,0.2,0.0
59,2026-04-24T13:42:46.285Z,S20260424_144242,SC01,AUTO,,4.2678,0.0626,start,0,1500,VIDE,0.0,0.0,0.0,0.0,-0.698132,-0.0,1,0,24.921,13.973,0.0,0.0,0.0,0.0,0.2,2.0,1.0,0.05,1,0.0,0.2,0.0
60,2026-04-24T13:42:46.345Z,S20260424_144242,SC01,AUTO,,4.3275,0.0597,start,0,1500,VIDE,0.0,0.0,0.0,0.0,-0.698132,-0.0,1,0,21.233,12.072,0.0,0.0,0.0,0.0,0.2,2.0,1.0,0.05,1,0.0,0.2,0.0
61,2026-04-24T13:42:46.407Z,S20260424_144242,SC01,AUTO,,4.3897,0.0622,start,0,1500,VIDE,0.0,0.0,0.0,0.0,-0.698132,-0.0,1,0,11.008,31.235,0.0,0.0,0.0,0.0,0.2,2.0,1.0,0.05,1,0.0,0.2,0.0
62,2026-04-24T13:42:46.470Z,S20260424_144242,SC01,AUTO,,4.4524,0.0627,start,0,1500,VIDE,0.0,0.0,0.0,0.0,-0.698132,-0.0,1,0,14.926,15.362,0.0,0.0,0.0,0.0,0.2,2.0,1.0,0.05,1,0.0,0.2,0.0
63,2026-04-24T13:42:46.532Z,S20260424_144242,SC01,AUTO,,4.5148,0.0624,start,0,1500,VIDE,0.0,0.0,0.0,0.0,-0.698132,-0.0,1,0,24.703,13.105,0.0,0.0,0.0,0.0,0.2,2.0,1.0,0.05,1,0.0,0.2,0.0
64,2026-04-24T13:42:46.595Z,S20260424_144242,SC01,AUTO,,4.577,0.0621,start,0,1500,VIDE,0.0,0.0,0.0,0.0,-0.698132,-0.0,1,0,25.472,14.791,0.0,0.0,0.0,0.0,0.2,2.0,1.0,0.05,1,0.0,0.2,0.0
65,2026-04-24T13:42:46.656Z,S20260424_144242,SC01,AUTO,,4.6386,0.0616,start,0,1500,VIDE,0.0,0.0,0.0,0.0,-0.698132,-0.0,1,0,20.415,14.883,0.0,0.0,0.0,0.0,0.2,2.0,1.0,0.05,1,0.0,0.2,0.0
66,2026-04-24T13:42:46.719Z,S20260424_144242,SC01,AUTO,,4.7017,0.063,start,0,1500,VIDE,0.0,0.0,0.0,0.0,-0.698132,-0.0,1,0,26.18,29.826,0.0,0.0,0.0,0.0,0.2,2.0,1.0,0.05,1,0.0,0.2,0.0
67,2026-04-24T13:42:46.782Z,S20260424_144242,SC01,AUTO,,4.7645,0.0628,start,0,1500,VIDE,0.0,0.0,0.0,0.0,-0.698132,-0.0,1,0,5.083,29.576,0.0,0.0,0.0,0.0,0.2,2.0,1.0,0.05,1,0.0,0.2,0.0
68,2026-04-24T13:42:46.844Z,S20260424_144242,SC01,AUTO,,4.8261,0.0616,start,0,1500,VIDE,0.0,0.0,0.0,0.0,-0.698132,-0.0,1,0,13.12,31.513,0.0,0.0,0.0,0.0,0.2,2.0,1.0,0.05,1,0.0,0.2,0.0
69,2026-04-24T13:42:46.905Z,S20260424_144242,SC01,AUTO,,4.8877,0.0617,start,0,1500,VIDE,0.0,0.0,0.0,0.0,-0.698132,-0.0,1,0,44.09,18.452,0.0,0.0,0.0,0.0,0.2,2.0,1.0,0.05,1,0.0,0.2,0.0
70,2026-04-24T13:42:46.968Z,S20260424_144242,SC01,AUTO,,4.9506,0.0629,start,0,1500,VIDE,0.0,0.0,0.0,0.0,-0.698132,-0.0,1,0,15.096,30.6,0.0,0.0,0.0,0.0,0.2,2.0,1.0,0.05,1,0.0,0.2,0.0
71,2026-04-24T13:42:47.031Z,S20260424_144242,SC01,AUTO,,5.013,0.0624,start,0,1500,VIDE,0.0,0.0,0.0,0.0,-0.698132,-0.0,1,0,32.127,14.341,0.0,0.0,0.0,0.0,0.2,2.0,1.0,0.05,1,0.0,0.2,0.0
72,2026-04-24T13:42:47.092Z,S20260424_144242,SC01,AUTO,,5.0739,0.0609,start,0,1500,VIDE,0.0,0.0,0.0,0.0,-0.698132,-0.0,1,0,27.143,14.942,0.0,0.0,0.0,0.0,0.2,2.0,1.0,0.05,1,0.0,0.2,0.0
73,2026-04-24T13:42:47.155Z,S20260424_144242,SC01,AUTO,,5.137,0.0631,start,0,1500,VIDE,0.0,0.0,0.0,0.0,-0.698132,-0.0,1,0,23.386,15.756,0.0,0.0,0.0,0.0,0.2,2.0,1.0,0.05,1,0.0,0.2,0.0
74,2026-04-24T13:42:47.218Z,S20260424_144242,SC01,AUTO,,5.1998,0.0629,start,0,1500,VIDE,0.0,0.0,0.0,0.0,-0.698132,-0.0,1,0,14.019,16.027,0.0,0.0,0.0,0.0,0.2,2.0,1.0,0.05,1,0.0,0.2,0.0
75,2026-04-24T13:42:47.279Z,S20260424_144242,SC01,AUTO,,5.2616,0.0618,start,0,1500,VIDE,0.0,0.0,0.0,0.0,-0.698132,-0.0,1,0,16.542,28.428,0.0,0.0,0.0,0.0,0.2,2.0,1.0,0.05,1,0.0,0.2,0.0
76,2026-04-24T13:42:47.342Z,S20260424_144242,SC01,AUTO,,5.3244,0.0628,start,0,1500,VIDE,0.0,0.0,0.0,0.0,-0.698132,-0.0,1,0,15.932,28.671,0.0,0.0,0.0,0.0,0.2,2.0,1.0,0.05,1,0.0,0.2,0.0
77,2026-04-24T13:42:47.404Z,S20260424_144242,SC01,AUTO,,5.3865,0.0621,start,0,1500,VIDE,0.0,0.0,0.0,0.0,-0.698132,-0.0,1,0,23.702,13.072,0.0,0.0,0.0,0.0,0.2,2.0,1.0,0.05,1,0.0,0.2,0.0
78,2026-04-24T13:42:47.461Z,S20260424_144242,SC01,AUTO,,5.443,0.0566,start,0,1500,VIDE,0.0,0.0,0.0,0.0,-0.698132,-0.0,1,0,11.029,30.165,0.0,0.0,0.0,0.0,0.2,2.0,1.0,0.05,1,0.0,0.2,0.0
79,2026-04-24T13:42:47.527Z,S20260424_144242,SC01,AUTO,,5.5096,0.0666,start,0,1500,VIDE,0.0,0.0,0.0,0.0,-0.698132,-0.0,1,0,25.764,15.416,0.0,0.0,0.0,0.0,0.2,2.0,1.0,0.05,1,0.0,0.2,0.0
80,2026-04-24T13:42:47.589Z,S20260424_144242,SC01,AUTO,,5.5715,0.0619,start,0,1500,VIDE,0.0,0.0,0.0,0.0,-0.698132,-0.0,1,0,19.527,14.777,0.0,0.0,0.0,0.0,0.2,2.0,1.0,0.05,1,0.0,0.2,0.0
81,2026-04-24T13:42:47.653Z,S20260424_144242,SC01,AUTO,,5.6351,0.0636,start,0,1500,VIDE,0.0,0.0,0.0,0.0,-0.698132,-0.0,1,0,28.969,13.344,0.0,0.0,0.0,0.0,0.2,2.0,1.0,0.05,1,0.0,0.2,0.0
82,2026-04-24T13:42:47.715Z,S20260424_144242,SC01,AUTO,,5.6974,0.0623,start,0,1500,VIDE,0.0,0.0,0.0,0.0,-0.698132,-0.0,1,0,21.84,12.906,0.0,0.0,0.0,0.0,0.2,2.0,1.0,0.05,1,0.0,0.2,0.0
83,2026-04-24T13:42:47.777Z,S20260424_144242,SC01,AUTO,,5.7597,0.0623,start,0,1500,VIDE,0.0,0.0,0.0,0.0,-0.698132,-0.0,1,0,22.506,31.75,0.0,0.0,0.0,0.0,0.2,2.0,1.0,0.05,1,0.0,0.2,0.0
84,2026-04-24T13:42:47.840Z,S20260424_144242,SC01,AUTO,,5.8227,0.063,start,0,1500,VIDE,0.0,0.0,0.0,0.0,-0.698132,-0.0,1,0,32.157,1.549,0.0,0.0,0.0,0.0,0.2,2.0,1.0,0.05,1,0.0,0.2,0.0
85,2026-04-24T13:42:47.902Z,S20260424_144242,SC01,AUTO,,5.8841,0.0613,start,0,1500,VIDE,0.0,0.0,0.0,0.0,-0.698132,-0.0,1,0,22.702,29.105,0.0,0.0,0.0,0.0,0.2,2.0,1.0,0.05,1,0.0,0.2,0.0
86,2026-04-24T13:42:47.965Z,S20260424_144242,SC01,AUTO,,5.9473,0.0633,start,0,1500,VIDE,0.0,0.0,0.0,0.0,-0.698132,-0.0,1,0,13.532,28.408,0.0,0.0,0.0,0.0,0.2,2.0,1.0,0.05,1,0.0,0.2,0.0
87,2026-04-24T13:42:48.026Z,S20260424_144242,SC01,AUTO,,6.0087,0.0613,start,0,1500,VIDE,0.0,0.0,0.0,0.0,-0.698132,-0.0,1,0,14.257,30.735,0.0,0.0,0.0,0.0,0.2,2.0,1.0,0.05,1,0.0,0.2,0.0
88,2026-04-24T13:42:48.088Z,S20260424_144242,SC01,AUTO,,6.0706,0.0619,start,0,1500,VIDE,0.0,0.0,0.0,0.0,-0.698132,-0.0,1,0,4.174,30.864,0.0,0.0,0.0,0.0,0.2,2.0,1.0,0.05,1,0.0,0.2,0.0
89,2026-04-24T13:42:48.149Z,S20260424_144242,SC01,AUTO,,6.1311,0.0606,start,0,1500,VIDE,0.0,0.0,0.0,0.0,-0.698132,-0.0,1,0,29.041,0.771,0.0,0.0,0.0,0.0,0.2,2.0,1.0,0.05,1,0.0,0.2,0.0
90,2026-04-24T13:42:48.212Z,S20260424_144242,SC01,AUTO,,6.1948,0.0636,start,0,1500,VIDE,0.0,0.0,0.0,0.0,-0.698132,-0.0,1,0,18.698,15.619,0.0,0.0,0.0,0.0,0.2,2.0,1.0,0.05,1,0.0,0.2,0.0
91,2026-04-24T13:42:48.274Z,S20260424_144242,SC01,AUTO,,6.2568,0.062,start,0,1500,VIDE,0.0,0.0,0.0,0.0,-0.698132,-0.0,1,0,30.951,8.276,0.0,0.0,0.0,0.0,0.2,2.0,1.0,0.05,1,0.0,0.2,0.0
92,2026-04-24T13:42:48.337Z,S20260424_144242,SC01,AUTO,,6.319,0.0621,start,0,1500,VIDE,0.0,0.0,0.0,0.0,-0.698132,-0.0,1,0,22.317,14.528,0.0,0.0,0.0,0.0,0.2,2.0,1.0,0.05,1,0.0,0.2,0.0
93,2026-04-24T13:42:48.399Z,S20260424_144242,SC01,AUTO,,6.3812,0.0622,start,0,1500,VIDE,0.0,0.0,0.0,0.0,-0.698132,-0.0,1,0,10.849,14.844,0.0,0.0,0.0,0.0,0.2,2.0,1.0,0.05,1,0.0,0.2,0.0
94,2026-04-24T13:42:48.462Z,S20260424_144242,SC01,AUTO,,6.4439,0.0628,start,0,1500,VIDE,0.0,0.0,0.0,0.0,-0.698132,-0.0,1,0,24.019,29.181,0.0,0.0,0.0,0.0,0.2,2.0,1.0,0.05,1,0.0,0.2,0.0
95,2026-04-24T13:42:48.524Z,S20260424_144242,SC01,AUTO,,6.5067,0.0627,start,0,1500,VIDE,0.0,0.0,0.0,0.0,-0.698132,-0.0,1,0,27.042,0.343,0.0,0.0,0.0,0.0,0.2,2.0,1.0,0.05,1,0.0,0.2,0.0
96,2026-04-24T13:42:48.588Z,S20260424_144242,SC01,AUTO,,6.57,0.0633,start,0,1500,VIDE,0.0,0.0,0.0,0.0,-0.698132,-0.0,1,0,5.421,31.081,0.0,0.0,0.0,0.0,0.2,2.0,1.0,0.05,1,0.0,0.2,0.0
97,2026-04-24T13:42:48.652Z,S20260424_144242,SC01,AUTO,,6.634,0.064,start,0,1500,VIDE,0.0,0.0,0.0,0.0,-0.698132,-0.0,1,0,29.907,0.637,0.0,0.0,0.0,0.0,0.2,2.0,1.0,0.05,1,0.0,0.2,0.0
98,2026-04-24T13:42:48.715Z,S20260424_144242,SC01,AUTO,,6.697,0.063,start,0,1500,VIDE,0.0,0.0,0.0,0.0,-0.698132,-0.0,1,0,14.535,15.268,0.0,0.0,0.0,0.0,0.2,2.0,1.0,0.05,1,0.0,0.2,0.0
99,2026-04-24T13:42:48.776Z,S20260424_144242,SC01,AUTO,,6.7588,0.0618,start,0,1500,VIDE,0.0,0.0,0.0,0.0,-0.698132,-0.0,1,0,10.587,14.182,0.0,0.0,0.0,0.0,0.2,2.0,1.0,0.05,1,0.0,0.2,0.0
100,2026-04-24T13:42:48.839Z,S20260424_144242,SC01,AUTO,,6.8214,0.0625,start,0,1500,VIDE,0.0,0.0,0.0,0.0,-0.698132,-0.0,1,0,12.985,15.308,0.0,0.0,0.0,0.0,0.2,2.0,1.0,0.05,1,0.0,0.2,0.0
101,2026-04-24T13:42:48.902Z,S20260424_144242,SC01,AUTO,,6.8843,0.063,start,0,1500,VIDE,0.0,0.0,0.0,0.0,-0.698132,-0.0,1,0,23.018,29.764,0.0,0.0,0.0,0.0,0.2,2.0,1.0,0.05,1,0.0,0.2,0.0
102,2026-04-24T13:42:48.966Z,S20260424_144242,SC01,AUTO,,6.9484,0.0641,start,0,1500,VIDE,0.0,0.0,0.0,0.0,-0.698132,-0.0,1,0,28.778,0.437,0.0,0.0,0.0,0.0,0.2,2.0,1.0,0.05,1,0.0,0.2,0.0
103,2026-04-24T13:42:49.028Z,S20260424_144242,SC01,AUTO,,7.0108,0.0624,start,0,1500,VIDE,0.0,0.0,0.0,0.0,-0.698132,-0.0,1,0,10.242,30.731,0.0,0.0,0.0,0.0,0.2,2.0,1.0,0.05,1,0.0,0.2,0.0
104,2026-04-24T13:42:49.090Z,S20260424_144242,SC01,AUTO,,7.072,0.0613,start,0,1500,VIDE,0.0,0.0,0.0,0.0,-0.698132,-0.0,1,0,15.117,14.762,0.0,0.0,0.0,0.0,0.2,2.0,1.0,0.05,1,0.0,0.2,0.0
105,2026-04-24T13:42:49.154Z,S20260424_144242,SC01,AUTO,,7.1359,0.0638,start,0,1500,VIDE,0.0,0.0,0.0,0.0,-0.698132,-0.0,1,0,11.443,15.75,0.0,0.0,0.0,0.0,0.2,2.0,1.0,0.05,1,0.0,0.2,0.0
106,2026-04-24T13:42:49.215Z,S20260424_144242,SC01,AUTO,,7.1976,0.0617,start,0,1500,VIDE,0.0,0.0,0.0,0.0,-0.698132,-0.0,1,0,14.207,15.6,0.0,0.0,0.0,0.0,0.2,2.0,1.0,0.05,1,0.0,0.2,0.0
107,2026-04-24T13:42:49.277Z,S20260424_144242,SC01,AUTO,,7.2591,0.0615,start,0,1500,VIDE,0.0,0.0,0.0,0.0,-0.698132,-0.0,1,0,13.731,14.672,0.0,0.0,0.0,0.0,0.2,2.0,1.0,0.05,1,0.0,0.2,0.0
108,2026-04-24T13:42:49.338Z,S20260424_144242,SC01,AUTO,,7.3201,0.061,start,0,1500,VIDE,0.0,0.0,0.0,0.0,-0.698132,-0.0,1,0,19.915,14.324,0.0,0.0,0.0,0.0,0.2,2.0,1.0,0.05,1,0.0,0.2,0.0
109,2026-04-24T13:42:49.399Z,S20260424_144242,SC01,AUTO,,7.3818,0.0617,start,0,1500,VIDE,0.0,0.0,0.0,0.0,-0.698132,-0.0,1,0,9.106,28.963,0.0,0.0,0.0,0.0,0.2,2.0,1.0,0.05,1,0.0,0.2,0.0
110,2026-04-24T13:42:49.461Z,S20260424_144242,SC01,AUTO,,7.4433,0.0616,start,0,1500,VIDE,0.0,0.0,0.0,0.0,-0.698132,-0.0,1,0,23.135,29.001,0.0,0.0,0.0,0.0,0.2,2.0,1.0,0.05,1,0.0,0.2,0.0
111,2026-04-24T13:42:49.538Z,S20260424_144242,SC01,AUTO,,7.5202,0.0769,start,0,1500,VIDE,0.0,0.0,0.0,0.0,-0.698132,-0.0,1,0,22.65,14.584,0.0,0.0,0.0,0.0,0.2,2.0,1.0,0.05,1,0.0,0.2,0.0
112,2026-04-24T13:42:49.586Z,S20260424_144242,SC01,AUTO,,7.5678,0.0476,start,0,1500,VIDE,0.0,0.0,0.0,0.0,-0.698132,-0.0,1,0,10.364,28.559,0.0,0.0,0.0,0.0,0.2,2.0,1.0,0.05,1,0.0,0.2,0.0
113,2026-04-24T13:42:49.661Z,S20260424_144242,SC01,AUTO,,7.6428,0.075,start,0,1500,VIDE,0.0,0.0,0.0,0.0,-0.698132,-0.0,1,0,27.805,29.47,0.0,0.0,0.0,0.0,0.2,2.0,1.0,0.05,1,0.0,0.2,0.0
114,2026-04-24T13:42:49.725Z,S20260424_144242,SC01,AUTO,,7.7069,0.064,start,0,1500,VIDE,0.0,0.0,0.0,0.0,-0.698132,-0.0,1,0,11.696,29.715,0.0,0.0,0.0,0.0,0.2,2.0,1.0,0.05,1,0.0,0.2,0.0
115,2026-04-24T13:42:49.787Z,S20260424_144242,SC01,AUTO,,7.7693,0.0624,start,0,1500,VIDE,0.0,0.0,0.0,0.0,-0.698132,-0.0,1,0,7.665,30.497,0.0,0.0,0.0,0.0,0.2,2.0,1.0,0.05,1,0.0,0.2,0.0
116,2026-04-24T13:42:49.849Z,S20260424_144242,SC01,AUTO,,7.8318,0.0625,start,0,1500,VIDE,0.0,0.0,0.0,0.0,-0.698132,-0.0,1,0,9.34,15.123,0.0,0.0,0.0,0.0,0.2,2.0,1.0,0.05,1,0.0,0.2,0.0
117,2026-04-24T13:42:49.899Z,S20260424_144242,SC01,AUTO,,7.881,0.0493,start,0,1500,VIDE,0.0,0.0,0.0,0.0,-0.698132,-0.0,1,0,17.334,13.121,0.0,0.0,0.0,0.0,0.2,2.0,1.0,0.05,1,0.0,0.2,0.0
118,2026-04-24T13:42:49.962Z,S20260424_144242,SC01,AUTO,,7.9439,0.0629,start,0,1500,VIDE,0.0,0.0,0.0,0.0,-0.698132,-0.0,1,0,16.796,14.765,0.0,0.0,0.0,0.0,0.2,2.0,1.0,0.05,1,0.0,0.2,0.0
119,2026-04-24T13:42:50.037Z,S20260424_144242,SC01,AUTO,,8.0191,0.0752,start,0,1500,VIDE,0.0,0.0,0.0,0.0,-0.698132,-0.0,1,0,14.795,14.522,0.0,0.0,0.0,0.0,0.2,2.0,1.0,0.05,1,0.0,0.2,0.0
120,2026-04-24T13:42:50.098Z,S20260424_144242,SC01,AUTO,,8.0799,0.0608,start,0,1500,VIDE,0.0,0.0,0.0,0.0,-0.698132,-0.0,1,0,20.442,14.265,0.0,0.0,0.0,0.0,0.2,2.0,1.0,0.05,1,0.0,0.2,0.0
121,2026-04-24T13:42:50.148Z,S20260424_144242,SC01,AUTO,,8.1301,0.0502,start,0,1500,VIDE,0.0,0.0,0.0,0.0,-0.698132,-0.0,1,0,40.125,0.603,0.0,0.0,0.0,0.0,0.2,2.0,1.0,0.05,1,0.0,0.2,0.0
122,2026-04-24T13:42:50.222Z,S20260424_144242,SC01,AUTO,,8.2041,0.074,start,0,1500,VIDE,0.0,0.0,0.0,0.0,-0.698132,-0.0,1,0,25.4,30.149,0.0,0.0,0.0,0.0,0.2,2.0,1.0,0.05,1,0.0,0.2,0.0
123,2026-04-24T13:42:50.285Z,S20260424_144242,SC01,AUTO,,8.2678,0.0635,start,0,1500,VIDE,0.0,0.0,0.0,0.0,-0.698132,-0.0,1,0,28.321,0.428,0.0,0.0,0.0,0.0,0.2,2.0,1.0,0.05,1,0.0,0.2,0.0
124,2026-04-24T13:42:50.347Z,S20260424_144242,SC01,AUTO,,8.3289,0.0612,start,0,1500,VIDE,0.0,0.0,0.0,0.0,-0.698132,-0.0,1,0,12.606,30.566,0.0,0.0,0.0,0.0,0.2,2.0,1.0,0.05,1,0.0,0.2,0.0
125,2026-04-24T13:42:50.407Z,S20260424_144242,SC01,AUTO,,8.3892,0.0604,start,0,1500,VIDE,0.0,0.0,0.0,0.0,-0.698132,-0.0,1,0,20.409,14.644,0.0,0.0,0.0,0.0,0.2,2.0,1.0,0.05,1,0.0,0.2,0.0
126,2026-04-24T13:42:50.471Z,S20260424_144242,SC01,AUTO,,8.4534,0.0641,start,0,1500,VIDE,0.0,0.0,0.0,0.0,-0.698132,-0.0,1,0,31.316,7.981,0.0,0.0,0.0,0.0,0.2,2.0,1.0,0.05,1,0.0,0.2,0.0
127,2026-04-24T13:42:50.534Z,S20260424_144242,SC01,AUTO,,8.5162,0.0629,start,0,1500,VIDE,0.0,0.0,0.0,0.0,-0.698132,-0.0,1,0,23.756,15.555,0.0,0.0,0.0,0.0,0.2,2.0,1.0,0.05,1,0.0,0.2,0.0
128,2026-04-24T13:42:50.596Z,S20260424_144242,SC01,AUTO,,8.5785,0.0622,start,0,1500,VIDE,0.0,0.0,0.0,0.0,-0.698132,-0.0,1,0,10.566,14.567,0.0,0.0,0.0,0.0,0.2,2.0,1.0,0.05,1,0.0,0.2,0.0
129,2026-04-24T13:42:50.658Z,S20260424_144242,SC01,AUTO,,8.6405,0.0621,start,0,1500,VIDE,0.0,0.0,0.0,0.0,-0.698132,-0.0,1,0,9.276,15.323,0.0,0.0,0.0,0.0,0.2,2.0,1.0,0.05,1,0.0,0.2,0.0
130,2026-04-24T13:42:50.721Z,S20260424_144242,SC01,AUTO,,8.703,0.0624,start,0,1500,VIDE,0.0,0.0,0.0,0.0,-0.698132,-0.0,1,0,13.022,29.287,0.0,0.0,0.0,0.0,0.2,2.0,1.0,0.05,1,0.0,0.2,0.0
131,2026-04-24T13:42:50.782Z,S20260424_144242,SC01,AUTO,,8.7644,0.0615,start,0,1500,VIDE,0.0,0.0,0.0,0.0,-0.698132,-0.0,1,0,32.814,7.717,0.0,0.0,0.0,0.0,0.2,2.0,1.0,0.05,1,0.0,0.2,0.0
132,2026-04-24T13:42:50.846Z,S20260424_144242,SC01,AUTO,,8.828,0.0636,start,0,1500,VIDE,0.0,0.0,0.0,0.0,-0.698132,-0.0,1,0,23.145,14.475,0.0,0.0,0.0,0.0,0.2,2.0,1.0,0.05,1,0.0,0.2,0.0
133,2026-04-24T13:42:50.907Z,S20260424_144242,SC01,AUTO,,8.8894,0.0614,start,0,1500,VIDE,0.0,0.0,0.0,0.0,-0.698132,-0.0,1,0,10.315,30.242,0.0,0.0,0.0,0.0,0.2,2.0,1.0,0.05,1,0.0,0.2,0.0
134,2026-04-24T13:42:50.970Z,S20260424_144242,SC01,AUTO,,8.952,0.0627,start,0,1500,VIDE,0.0,0.0,0.0,0.0,-0.698132,-0.0,1,0,15.215,14.416,0.0,0.0,0.0,0.0,0.2,2.0,1.0,0.05,1,0.0,0.2,0.0
135,2026-04-24T13:42:51.033Z,S20260424_144242,SC01,AUTO,,9.015,0.063,start,0,1500,VIDE,0.0,0.0,0.0,0.0,-0.698132,-0.0,1,0,26.242,13.624,0.0,0.0,0.0,0.0,0.2,2.0,1.0,0.05,1,0.0,0.2,0.0
136,2026-04-24T13:42:51.093Z,S20260424_144242,SC01,AUTO,,9.0749,0.0598,start,0,1500,VIDE,0.0,0.0,0.0,0.0,-0.698132,-0.0,1,0,32.077,26.158,0.0,0.0,0.0,0.0,0.2,2.0,1.0,0.05,1,0.0,0.2,0.0
137,2026-04-24T13:42:51.155Z,S20260424_144242,SC01,AUTO,,9.1371,0.0622,start,0,1500,VIDE,0.0,0.0,0.0,0.0,-0.698132,-0.0,1,0,25.84,15.967,0.0,0.0,0.0,0.0,0.2,2.0,1.0,0.05,1,0.0,0.2,0.0
138,2026-04-24T13:42:51.216Z,S20260424_144242,SC01,AUTO,,9.1983,0.0611,start,0,1500,VIDE,0.0,0.0,0.0,0.0,-0.698132,-0.0,1,0,21.167,15.698,0.0,0.0,0.0,0.0,0.2,2.0,1.0,0.05,1,0.0,0.2,0.0
139,2026-04-24T13:42:51.278Z,S20260424_144242,SC01,AUTO,,9.2608,0.0625,start,0,1500,VIDE,0.0,0.0,0.0,0.0,-0.698132,-0.0,1,0,13.391,15.161,0.0,0.0,0.0,0.0,0.2,2.0,1.0,0.05,1,0.0,0.2,0.0
140,2026-04-24T13:42:51.341Z,S20260424_144242,SC01,AUTO,,9.3235,0.0627,start,0,1500,VIDE,0.0,0.0,0.0,0.0,-0.698132,-0.0,1,0,10.049,29.597,0.0,0.0,0.0,0.0,0.2,2.0,1.0,0.05,1,0.0,0.2,0.0
141,2026-04-24T13:42:51.404Z,S20260424_144242,SC01,AUTO,,9.386,0.0626,start,0,1500,VIDE,0.0,0.0,0.0,0.0,-0.698132,-0.0,1,0,12.527,15.704,0.0,0.0,0.0,0.0,0.2,2.0,1.0,0.05,1,0.0,0.2,0.0
142,2026-04-24T13:42:51.467Z,S20260424_144242,SC01,AUTO,,9.4489,0.0628,start,0,1500,VIDE,0.0,0.0,0.0,0.0,-0.698132,-0.0,1,0,3.829,31.27,0.0,0.0,0.0,0.0,0.2,2.0,1.0,0.05,1,0.0,0.2,0.0
143,2026-04-24T13:42:51.528Z,S20260424_144242,SC01,AUTO,,9.5101,0.0612,start,0,1500,VIDE,0.0,0.0,0.0,0.0,-0.698132,-0.0,1,0,30.213,13.636,0.0,0.0,0.0,0.0,0.2,2.0,1.0,0.05,1,0.0,0.2,0.0
144,2026-04-24T13:42:51.591Z,S20260424_144242,SC01,AUTO,,9.573,0.0629,start,0,1500,VIDE,0.0,0.0,0.0,0.0,-0.698132,-0.0,1,0,32.005,13.718,0.0,0.0,0.0,0.0,0.2,2.0,1.0,0.05,1,0.0,0.2,0.0
145,2026-04-24T13:42:51.653Z,S20260424_144242,SC01,AUTO,,9.6355,0.0624,start,0,1500,VIDE,0.0,0.0,0.0,0.0,-0.698132,-0.0,1,0,26.253,13.947,0.0,0.0,0.0,0.0,0.2,2.0,1.0,0.05,1,0.0,0.2,0.0
146,2026-04-24T13:42:51.716Z,S20260424_144242,SC01,AUTO,,9.6987,0.0632,start,0,1500,VIDE,0.0,0.0,0.0,0.0,-0.698132,-0.0,1,0,21.68,31.35,0.0,0.0,0.0,0.0,0.2,2.0,1.0,0.05,1,0.0,0.2,0.0
147,2026-04-24T13:42:51.778Z,S20260424_144242,SC01,AUTO,,9.7602,0.0616,start,0,1500,VIDE,0.0,0.0,0.0,0.0,-0.698132,-0.0,1,0,23.782,31.676,0.0,0.0,0.0,0.0,0.2,2.0,1.0,0.05,1,0.0,0.2,0.0
148,2026-04-24T13:42:51.839Z,S20260424_144242,SC01,AUTO,,9.8211,0.0609,start,0,1500,VIDE,0.0,0.0,0.0,0.0,-0.698132,-0.0,1,0,11.297,28.751,0.0,0.0,0.0,0.0,0.2,2.0,1.0,0.05,1,0.0,0.2,0.0
149,2026-04-24T13:42:51.902Z,S20260424_144242,SC01,AUTO,,9.8847,0.0636,start,0,1500,VIDE,0.0,0.0,0.0,0.0,-0.698132,-0.0,1,0,9.974,30.117,0.0,0.0,0.0,0.0,0.2,2.0,1.0,0.05,1,0.0,0.2,0.0
150,2026-04-24T13:42:51.966Z,S20260424_144242,SC01,AUTO,,9.9481,0.0634,start,0,1500,VIDE,0.0,0.0,0.0,0.0,-0.698132,-0.0,1,0,21.164,13.489,0.0,0.0,0.0,0.0,0.2,2.0,1.0,0.05,1,0.0,0.2,0.0
151,2026-04-24T13:42:52.029Z,S20260424_144242,SC01,AUTO,,10.0117,0.0635,start,0,1500,VIDE,0.0,0.0,0.0,0.0,-0.698132,-0.0,1,0,12.76,30.125,0.0,0.0,0.0,0.0,0.2,2.0,1.0,0.05,1,0.0,0.2,0.0
152,2026-04-24T13:42:52.090Z,S20260424_144242,SC01,AUTO,,10.0726,0.061,start,0,1500,VIDE,0.0,0.0,0.0,0.0,-0.698132,-0.0,1,0,20.716,14.481,0.0,0.0,0.0,0.0,0.2,2.0,1.0,0.05,1,0.0,0.2,0.0
153,2026-04-24T13:42:52.152Z,S20260424_144242,SC01,AUTO,,10.1346,0.0619,start,0,1500,VIDE,0.0,0.0,0.0,0.0,-0.698132,-0.0,1,0,12.032,14.88,0.0,0.0,0.0,0.0,0.2,2.0,1.0,0.05,1,0.0,0.2,0.0
154,2026-04-24T13:42:52.213Z,S20260424_144242,SC01,AUTO,,10.1954,0.0608,start,0,1500,VIDE,0.0,0.0,0.0,0.0,-0.698132,-0.0,1,0,20.699,12.052,0.0,0.0,0.0,0.0,0.2,2.0,1.0,0.05,1,0.0,0.2,0.0
155,2026-04-24T13:42:52.277Z,S20260424_144242,SC01,AUTO,,10.2591,0.0638,start,0,1500,VIDE,0.0,0.0,0.0,0.0,-0.698132,-0.0,1,0,26.511,15.755,0.0,0.0,0.0,0.0,0.2,2.0,1.0,0.05,1,0.0,0.2,0.0
156,2026-04-24T13:42:52.338Z,S20260424_144242,SC01,AUTO,,10.3208,0.0616,start,0,1500,VIDE,0.0,0.0,0.0,0.0,-0.698132,-0.0,1,0,18.561,30.085,0.0,0.0,0.0,0.0,0.2,2.0,1.0,0.05,1,0.0,0.2,0.0
157,2026-04-24T13:42:52.401Z,S20260424_144242,SC01,AUTO,,10.3838,0.0631,start,0,1500,VIDE,0.0,0.0,0.0,0.0,-0.698132,-0.0,1,0,26.375,29.325,0.0,0.0,0.0,0.0,0.2,2.0,1.0,0.05,1,0.0,0.2,0.0
158,2026-04-24T13:42:52.463Z,S20260424_144242,SC01,AUTO,,10.4454,0.0615,start,0,1500,VIDE,0.0,0.0,0.0,0.0,-0.698132,-0.0,1,0,20.974,29.033,0.0,0.0,0.0,0.0,0.2,2.0,1.0,0.05,1,0.0,0.2,0.0
159,2026-04-24T13:42:52.525Z,S20260424_144242,SC01,AUTO,,10.5071,0.0618,start,0,1500,VIDE,0.0,0.0,0.0,0.0,-0.698132,-0.0,1,0,29.383,0.342,0.0,0.0,0.0,0.0,0.2,2.0,1.0,0.05,1,0.0,0.2,0.0
160,2026-04-24T13:42:52.588Z,S20260424_144242,SC01,AUTO,,10.5708,0.0637,start,0,1500,VIDE,0.0,0.0,0.0,0.0,-0.698132,-0.0,1,0,24.234,44.494,0.0,0.0,0.0,0.0,0.2,2.0,1.0,0.05,1,0.0,0.2,0.0
161,2026-04-24T13:42:52.651Z,S20260424_144242,SC01,AUTO,,10.6334,0.0626,start,0,1500,VIDE,0.0,0.0,0.0,0.0,-0.698132,-0.0,1,0,24.946,19.332,0.0,0.0,0.0,0.0,0.2,2.0,1.0,0.05,1,0.0,0.2,0.0
162,2026-04-24T13:42:52.712Z,S20260424_144242,SC01,AUTO,,10.6948,0.0613,start,0,1500,VIDE,0.0,0.0,0.0,0.0,-0.698132,-0.0,1,0,26.6,18.909,0.0,0.0,0.0,0.0,0.2,2.0,1.0,0.05,1,0.0,0.2,0.0
163,2026-04-24T13:42:52.775Z,S20260424_144242,SC01,AUTO,,10.7569,0.0622,start,0,1500,VIDE,0.0,0.0,0.0,0.0,-0.698132,-0.0,1,0,29.304,16.829,0.0,0.0,0.0,0.0,0.2,2.0,1.0,0.05,1,0.0,0.2,0.0
164,2026-04-24T13:42:52.837Z,S20260424_144242,SC01,AUTO,,10.8191,0.0622,start,0,1500,VIDE,0.0,0.0,0.0,0.0,-0.698132,-0.0,1,0,20.203,15.744,0.0,0.0,0.0,0.0,0.2,2.0,1.0,0.05,1,0.0,0.2,0.0
165,2026-04-24T13:42:52.899Z,S20260424_144242,SC01,AUTO,,10.8815,0.0624,start,0,1500,VIDE,0.0,0.0,0.0,0.0,-0.698132,-0.0,1,0,19.535,17.772,0.0,0.0,0.0,0.0,0.2,2.0,1.0,0.05,1,0.0,0.2,0.0
166,2026-04-24T13:42:52.961Z,S20260424_144242,SC01,AUTO,,10.9432,0.0618,start,0,1500,VIDE,0.0,0.0,0.0,0.0,-0.698132,-0.0,1,0,22.114,18.993,0.0,0.0,0.0,0.0,0.2,2.0,1.0,0.05,1,0.0,0.2,0.0
167,2026-04-24T13:42:53.026Z,S20260424_144242,SC01,AUTO,,11.0084,0.0652,start,0,1500,VIDE,0.0,0.0,0.0,0.0,-0.698132,-0.0,1,0,18.042,18.066,0.0,0.0,0.0,0.0,0.2,2.0,1.0,0.05,1,0.0,0.2,0.0
168,2026-04-24T13:42:53.087Z,S20260424_144242,SC01,AUTO,,11.0694,0.061,start,0,1500,VIDE,0.0,0.0,0.0,0.0,-0.698132,-0.0,1,0,9.554,19.322,0.0,0.0,0.0,0.0,0.2,2.0,1.0,0.05,1,0.0,0.2,0.0
169,2026-04-24T13:42:53.150Z,S20260424_144242,SC01,AUTO,,11.1328,0.0633,start,0,1500,VIDE,0.0,0.0,0.0,0.0,-0.698132,-0.0,1,0,28.442,18.246,0.0,0.0,0.0,0.0,0.2,2.0,1.0,0.05,1,0.0,0.2,0.0
170,2026-04-24T13:42:53.213Z,S20260424_144242,SC01,AUTO,,11.1952,0.0625,start,0,1500,VIDE,0.0,0.0,0.0,0.0,-0.698132,-0.0,1,0,15.98,18.742,0.0,0.0,0.0,0.0,0.2,2.0,1.0,0.05,1,0.0,0.2,0.0
171,2026-04-24T13:42:53.274Z,S20260424_144242,SC01,AUTO,,11.2566,0.0614,start,0,1500,VIDE,0.0,0.0,0.0,0.0,-0.698132,-0.0,1,0,11.125,19.021,0.0,0.0,0.0,0.0,0.2,2.0,1.0,0.05,1,0.0,0.2,0.0
172,2026-04-24T13:42:53.335Z,S20260424_144242,SC01,AUTO,,11.3176,0.0611,start,0,1500,VIDE,0.0,0.0,0.0,0.0,-0.698132,-0.0,1,0,9.644,18.974,0.0,0.0,0.0,0.0,0.2,2.0,1.0,0.05,1,0.0,0.2,0.0
173,2026-04-24T13:42:53.398Z,S20260424_144242,SC01,AUTO,,11.3807,0.0629,start,0,1500,VIDE,0.0,0.0,0.0,0.0,-0.698132,-0.0,1,0,18.217,16.813,0.0,0.0,0.0,0.0,0.2,2.0,1.0,0.05,1,0.0,0.2,0.0
174,2026-04-24T13:42:53.462Z,S20260424_144242,SC01,AUTO,,11.4439,0.0634,start,0,1500,VIDE,0.0,0.0,0.0,0.0,-0.698132,-0.0,1,0,18.267,19.192,0.0,0.0,0.0,0.0,0.2,2.0,1.0,0.05,1,0.0,0.2,0.0
175,2026-04-24T13:42:53.526Z,S20260424_144242,SC01,AUTO,,11.5079,0.064,start,0,1500,VIDE,0.0,0.0,0.0,0.0,-0.698132,-0.0,1,0,11.798,18.532,0.0,0.0,0.0,0.0,0.2,2.0,1.0,0.05,1,0.0,0.2,0.0
176,2026-04-24T13:42:53.587Z,S20260424_144242,SC01,AUTO,,11.5691,0.0612,start,0,1500,VIDE,0.0,0.0,0.0,0.0,-0.698132,-0.0,1,0,29.561,5.51,0.0,0.0,0.0,0.0,0.2,2.0,1.0,0.05,1,0.0,0.2,0.0
177,2026-04-24T13:42:53.654Z,S20260424_144242,SC01,AUTO,,11.6359,0.0668,start,0,1500,VIDE,0.0,0.0,0.0,0.0,-0.698132,-0.0,1,0,21.691,19.011,0.0,0.0,0.0,0.0,0.2,2.0,1.0,0.05,1,0.0,0.2,0.0
178,2026-04-24T13:42:53.717Z,S20260424_144242,SC01,AUTO,,11.6992,0.0632,start,0,1500,VIDE,0.0,0.0,0.0,0.0,-0.698132,-0.0,1,0,19.101,19.776,0.0,0.0,0.0,0.0,0.2,2.0,1.0,0.05,1,0.0,0.2,0.0
179,2026-04-24T13:42:53.773Z,S20260424_144242,SC01,AUTO,,11.7555,0.0564,start,0,1500,VIDE,0.0,0.0,0.0,0.0,-0.698132,-0.0,1,0,14.144,19.066,0.0,0.0,0.0,0.0,0.2,2.0,1.0,0.05,1,0.0,0.2,0.0
180,2026-04-24T13:42:53.837Z,S20260424_144242,SC01,AUTO,,11.8196,0.0641,start,0,1500,VIDE,0.0,0.0,0.0,0.0,-0.698132,-0.0,1,0,25.883,18.855,0.0,0.0,0.0,0.0,0.2,2.0,1.0,0.05,1,0.0,0.2,0.0
181,2026-04-24T13:42:53.906Z,S20260424_144242,SC01,AUTO,,11.888,0.0683,start,0,1500,VIDE,0.0,0.0,0.0,0.0,-0.698132,-0.0,1,0,6.798,19.381,0.0,0.0,0.0,0.0,0.2,2.0,1.0,0.05,1,0.0,0.2,0.0
182,2026-04-24T13:42:53.968Z,S20260424_144242,SC01,AUTO,,11.9504,0.0624,start,0,1500,VIDE,0.0,0.0,0.0,0.0,-0.698132,-0.0,1,0,19.688,19.954,0.0,0.0,0.0,0.0,0.2,2.0,1.0,0.05,1,0.0,0.2,0.0
183,2026-04-24T13:42:54.031Z,S20260424_144242,SC01,AUTO,,12.0135,0.0631,start,0,1500,VIDE,0.0,0.0,0.0,0.0,-0.698132,-0.0,1,0,10.1,19.832,0.0,0.0,0.0,0.0,0.2,2.0,1.0,0.05,1,0.0,0.2,0.0
184,2026-04-24T13:42:54.093Z,S20260424_144242,SC01,AUTO,,12.0752,0.0616,start,0,1500,VIDE,0.0,0.0,0.0,0.0,-0.698132,-0.0,1,0,8.165,20.581,0.0,0.0,0.0,0.0,0.2,2.0,1.0,0.05,1,0.0,0.2,0.0
185,2026-04-24T13:42:54.155Z,S20260424_144242,SC01,AUTO,,12.1378,0.0626,start,0,1500,VIDE,0.0,0.0,0.0,0.0,-0.698132,-0.0,1,0,21.302,17.371,0.0,0.0,0.0,0.0,0.2,2.0,1.0,0.05,1,0.0,0.2,0.0
186,2026-04-24T13:42:54.212Z,S20260424_144242,SC01,AUTO,,12.1945,0.0567,start,0,1500,VIDE,0.0,0.0,0.0,0.0,-0.698132,-0.0,1,0,13.739,13.888,0.0,0.0,0.0,0.0,0.2,2.0,1.0,0.05,1,0.0,0.2,0.0
187,2026-04-24T13:42:54.277Z,S20260424_144242,SC01,AUTO,,12.2594,0.065,start,0,1500,VIDE,0.0,0.0,0.0,0.0,-0.698132,-0.0,1,0,12.426,19.021,0.0,0.0,0.0,0.0,0.2,2.0,1.0,0.05,1,0.0,0.2,0.0
188,2026-04-24T13:42:54.337Z,S20260424_144242,SC01,AUTO,,12.3195,0.0601,start,0,1500,VIDE,0.0,0.0,0.0,0.0,-0.698132,-0.0,1,0,22.093,19.329,0.0,0.0,0.0,0.0,0.2,2.0,1.0,0.05,1,0.0,0.2,0.0
189,2026-04-24T13:42:54.403Z,S20260424_144242,SC01,AUTO,,12.3853,0.0657,start,0,1500,VIDE,0.0,0.0,0.0,0.0,-0.698132,-0.0,1,0,21.875,19.213,0.0,0.0,0.0,0.0,0.2,2.0,1.0,0.05,1,0.0,0.2,0.0
190,2026-04-24T13:42:54.465Z,S20260424_144242,SC01,AUTO,,12.4471,0.0618,start,0,1500,VIDE,0.0,0.0,0.0,0.0,-0.698132,-0.0,1,0,25.147,19.719,0.0,0.0,0.0,0.0,0.2,2.0,1.0,0.05,1,0.0,0.2,0.0
191,2026-04-24T13:42:54.525Z,S20260424_144242,SC01,AUTO,,12.5077,0.0607,start,0,1500,VIDE,0.0,0.0,0.0,0.0,-0.698132,-0.0,1,0,22.115,20.305,0.0,0.0,0.0,0.0,0.2,2.0,1.0,0.05,1,0.0,0.2,0.0
192,2026-04-24T13:42:54.590Z,S20260424_144242,SC01,AUTO,,12.5723,0.0646,start,0,1500,VIDE,0.0,0.0,0.0,0.0,-0.698132,-0.0,1,0,21.572,19.605,0.0,0.0,0.0,0.0,0.2,2.0,1.0,0.05,1,0.0,0.2,0.0
193,2026-04-24T13:42:54.652Z,S20260424_144242,SC01,AUTO,,12.6347,0.0624,start,0,1500,VIDE,0.0,0.0,0.0,0.0,-0.698132,-0.0,1,0,17.284,20.179,0.0,0.0,0.0,0.0,0.2,2.0,1.0,0.05,1,0.0,0.2,0.0
194,2026-04-24T13:42:54.714Z,S20260424_144242,SC01,AUTO,,12.6964,0.0617,start,0,1500,VIDE,0.0,0.0,0.0,0.0,-0.698132,-0.0,1,0,15.095,15.873,0.0,0.0,0.0,0.0,0.2,2.0,1.0,0.05,1,0.0,0.2,0.0
195,2026-04-24T13:42:54.777Z,S20260424_144242,SC01,AUTO,,12.7591,0.0628,start,0,1500,VIDE,0.0,0.0,0.0,0.0,-0.698132,-0.0,1,0,14.73,19.005,0.0,0.0,0.0,0.0,0.2,2.0,1.0,0.05,1,0.0,0.2,0.0
196,2026-04-24T13:42:54.837Z,S20260424_144242,SC01,AUTO,,12.8195,0.0604,start,0,1500,VIDE,0.0,0.0,0.0,0.0,-0.698132,-0.0,1,0,5.137,19.811,0.0,0.0,0.0,0.0,0.2,2.0,1.0,0.05,1,0.0,0.2,0.0
197,2026-04-24T13:42:54.904Z,S20260424_144242,SC01,AUTO,,12.8867,0.0672,start,0,1500,VIDE,0.0,0.0,0.0,0.0,-0.698132,-0.0,1,0,3.471,19.3,0.0,0.0,0.0,0.0,0.2,2.0,1.0,0.05,1,0.0,0.2,0.0
198,2026-04-24T13:42:54.967Z,S20260424_144242,SC01,AUTO,,12.9493,0.0626,start,0,1500,VIDE,0.0,0.0,0.0,0.0,-0.698132,-0.0,1,0,18.042,18.769,0.0,0.0,0.0,0.0,0.2,2.0,1.0,0.05,1,0.0,0.2,0.0
199,2026-04-24T13:42:55.125Z,S20260424_144242,SC01,AUTO,,13.107,0.1576,start,0,1500,VIDE,0.0,0.0,0.0,0.0,-0.698132,-0.0,1,0,88.714,0.436,0.0,0.0,0.0,0.0,0.2,2.0,1.0,0.05,1,0.0,0.2,0.0
200,2026-04-24T13:42:55.150Z,S20260424_144242,SC01,AUTO,,13.1321,0.0252,start,0,1500,VIDE,0.0,0.0,0.0,0.0,-0.698132,-0.0,1,0,2.149,129.022,0.0,0.0,0.0,0.0,0.2,2.0,1.0,0.05,1,0.0,0.2,0.0
201,2026-04-24T13:42:55.212Z,S20260424_144242,SC01,AUTO,,13.1942,0.0621,start,0,1500,VIDE,0.0,0.0,0.0,0.0,-0.698132,-0.0,1,0,20.186,18.875,0.0,0.0,0.0,0.0,0.2,2.0,1.0,0.05,1,0.0,0.2,0.0
202,2026-04-24T13:42:55.278Z,S20260424_144242,SC01,AUTO,,13.2599,0.0657,start,0,1500,VIDE,0.0,0.0,0.0,0.0,-0.698132,-0.0,1,0,23.772,16.933,0.0,0.0,0.0,0.0,0.2,2.0,1.0,0.05,1,0.0,0.2,0.0
203,2026-04-24T13:42:55.337Z,S20260424_144242,SC01,AUTO,,13.3198,0.0599,start,0,1500,VIDE,0.0,0.0,0.0,0.0,-0.698132,-0.0,1,0,28.651,17.044,0.0,0.0,0.0,0.0,0.2,2.0,1.0,0.05,1,0.0,0.2,0.0
204,2026-04-24T13:42:55.402Z,S20260424_144242,SC01,AUTO,,13.3843,0.0644,start,0,1500,VIDE,0.0,0.0,0.0,0.0,-0.698132,-0.0,1,0,12.283,18.397,0.0,0.0,0.0,0.0,0.2,2.0,1.0,0.05,1,0.0,0.2,0.0
205,2026-04-24T13:42:55.462Z,S20260424_144242,SC01,AUTO,,13.4444,0.0601,start,0,1500,VIDE,0.0,0.0,0.0,0.0,-0.698132,-0.0,1,0,24.203,20.664,0.0,0.0,0.0,0.0,0.2,2.0,1.0,0.05,1,0.0,0.2,0.0
206,2026-04-24T13:42:55.526Z,S20260424_144242,SC01,AUTO,,13.508,0.0636,start,0,1500,VIDE,0.0,0.0,0.0,0.0,-0.698132,-0.0,1,0,2.935,20.373,0.0,0.0,0.0,0.0,0.2,2.0,1.0,0.05,1,0.0,0.2,0.0
207,2026-04-24T13:42:55.589Z,S20260424_144242,SC01,AUTO,,13.5709,0.0629,start,0,1500,VIDE,0.0,0.0,0.0,0.0,-0.698132,-0.0,1,0,15.803,20.259,0.0,0.0,0.0,0.0,0.2,2.0,1.0,0.05,1,0.0,0.2,0.0
208,2026-04-24T13:42:55.650Z,S20260424_144242,SC01,AUTO,,13.6329,0.0619,start,0,1500,VIDE,0.0,0.0,0.0,0.0,-0.698132,-0.0,1,0,10.511,18.763,0.0,0.0,0.0,0.0,0.2,2.0,1.0,0.05,1,0.0,0.2,0.0
209,2026-04-24T13:42:55.713Z,S20260424_144242,SC01,AUTO,,13.6949,0.0622,start,0,1500,VIDE,0.0,0.0,0.0,0.0,-0.698132,-0.0,1,0,10.724,20.088,0.0,0.0,0.0,0.0,0.2,2.0,1.0,0.05,1,0.0,0.2,0.0
210,2026-04-24T13:42:55.775Z,S20260424_144242,SC01,AUTO,,13.7572,0.0622,start,0,1500,VIDE,0.0,0.0,0.0,0.0,-0.698132,-0.0,1,0,7.074,18.874,0.0,0.0,0.0,0.0,0.2,2.0,1.0,0.05,1,0.0,0.2,0.0
211,2026-04-24T13:42:55.836Z,S20260424_144242,SC01,AUTO,,13.8184,0.0612,start,0,1500,VIDE,0.0,0.0,0.0,0.0,-0.698132,-0.0,1,0,16.576,15.947,0.0,0.0,0.0,0.0,0.2,2.0,1.0,0.05,1,0.0,0.2,0.0
212,2026-04-24T13:42:55.900Z,S20260424_144242,SC01,AUTO,,13.882,0.0637,start,0,1500,VIDE,0.0,0.0,0.0,0.0,-0.698132,-0.0,1,0,14.733,19.529,0.0,0.0,0.0,0.0,0.2,2.0,1.0,0.05,1,0.0,0.2,0.0
213,2026-04-24T13:42:55.961Z,S20260424_144242,SC01,AUTO,,13.9431,0.061,start,0,1500,VIDE,0.0,0.0,0.0,0.0,-0.698132,-0.0,1,0,4.757,20.134,0.0,0.0,0.0,0.0,0.2,2.0,1.0,0.05,1,0.0,0.2,0.0
214,2026-04-24T13:42:56.030Z,S20260424_144242,SC01,AUTO,,14.0123,0.0692,start,0,1500,VIDE,0.0,0.0,0.0,0.0,-0.698132,-0.0,1,0,6.976,19.21,0.0,0.0,0.0,0.0,0.2,2.0,1.0,0.05,1,0.0,0.2,0.0
215,2026-04-24T13:42:56.086Z,S20260424_144242,SC01,AUTO,,14.0682,0.056,start,0,1500,VIDE,0.0,0.0,0.0,0.0,-0.698132,-0.0,1,0,18.995,19.54,0.0,0.0,0.0,0.0,0.2,2.0,1.0,0.05,1,0.0,0.2,0.0
216,2026-04-24T13:42:56.150Z,S20260424_144242,SC01,AUTO,,14.1319,0.0637,start,0,1500,VIDE,0.0,0.0,0.0,0.0,-0.698132,-0.0,1,0,9.898,19.939,0.0,0.0,0.0,0.0,0.2,2.0,1.0,0.05,1,0.0,0.2,0.0
217,2026-04-24T13:42:56.211Z,S20260424_144242,SC01,AUTO,,14.1931,0.0612,start,0,1500,VIDE,0.0,0.0,0.0,0.0,-0.698132,-0.0,1,0,11.216,19.255,0.0,0.0,0.0,0.0,0.2,2.0,1.0,0.05,1,0.0,0.2,0.0
218,2026-04-24T13:42:56.277Z,S20260424_144242,SC01,AUTO,,14.2598,0.0667,start,0,1500,VIDE,0.0,0.0,0.0,0.0,-0.698132,-0.0,1,0,24.692,19.539,0.0,0.0,0.0,0.0,0.2,2.0,1.0,0.05,1,0.0,0.2,0.0
219,2026-04-24T13:42:56.336Z,S20260424_144242,SC01,AUTO,,14.3185,0.0587,start,0,1500,VIDE,0.0,0.0,0.0,0.0,-0.698132,-0.0,1,0,16.207,19.386,0.0,0.0,0.0,0.0,0.2,2.0,1.0,0.05,1,0.0,0.2,0.0
220,2026-04-24T13:42:56.397Z,S20260424_144242,SC01,AUTO,,14.3797,0.0612,start,0,1500,VIDE,0.0,0.0,0.0,0.0,-0.698132,-0.0,1,0,19.385,20.51,0.0,0.0,0.0,0.0,0.2,2.0,1.0,0.05,1,0.0,0.2,0.0
221,2026-04-24T13:42:56.462Z,S20260424_144242,SC01,AUTO,,14.4439,0.0642,start,0,1500,VIDE,0.0,0.0,0.0,0.0,-0.698132,-0.0,1,0,9.649,19.325,0.0,0.0,0.0,0.0,0.2,2.0,1.0,0.05,1,0.0,0.2,0.0
222,2026-04-24T13:42:56.526Z,S20260424_144242,SC01,AUTO,,14.5082,0.0643,start,0,1500,VIDE,0.0,0.0,0.0,0.0,-0.698132,-0.0,1,0,26.98,3.648,0.0,0.0,0.0,0.0,0.2,2.0,1.0,0.05,1,0.0,0.2,0.0
223,2026-04-24T13:42:56.592Z,S20260424_144242,SC01,AUTO,,14.5744,0.0663,start,0,1500,VIDE,0.0,0.0,0.0,0.0,-0.698132,-0.0,1,0,24.564,20.04,0.0,0.0,0.0,0.0,0.2,2.0,1.0,0.05,1,0.0,0.2,0.0
224,2026-04-24T13:42:56.654Z,S20260424_144242,SC01,AUTO,,14.6359,0.0615,start,0,1500,VIDE,0.0,0.0,0.0,0.0,-0.698132,-0.0,1,0,20.484,17.703,0.0,0.0,0.0,0.0,0.2,2.0,1.0,0.05,1,0.0,0.2,0.0
225,2026-04-24T13:42:56.713Z,S20260424_144242,SC01,AUTO,,14.6958,0.0599,start,0,1500,VIDE,0.0,0.0,0.0,0.0,-0.698132,-0.0,1,0,17.588,16.732,0.0,0.0,0.0,0.0,0.2,2.0,1.0,0.05,1,0.0,0.2,0.0
226,2026-04-24T13:42:56.775Z,S20260424_144242,SC01,AUTO,,14.7569,0.0611,start,0,1500,VIDE,0.0,0.0,0.0,0.0,-0.698132,-0.0,1,0,15.842,14.727,0.0,0.0,0.0,0.0,0.2,2.0,1.0,0.05,1,0.0,0.2,0.0
227,2026-04-24T13:42:56.836Z,S20260424_144242,SC01,AUTO,,14.8188,0.0619,start,0,1500,VIDE,0.0,0.0,0.0,0.0,-0.698132,-0.0,1,0,18.63,18.964,0.0,0.0,0.0,0.0,0.2,2.0,1.0,0.05,1,0.0,0.2,0.0
228,2026-04-24T13:42:56.905Z,S20260424_144242,SC01,AUTO,,14.8872,0.0684,start,0,1500,VIDE,0.0,0.0,0.0,0.0,-0.698132,-0.0,1,0,12.022,19.395,0.0,0.0,0.0,0.0,0.2,2.0,1.0,0.05,1,0.0,0.2,0.0
229,2026-04-24T13:42:56.966Z,S20260424_144242,SC01,AUTO,,14.9486,0.0614,start,0,1500,VIDE,0.0,0.0,0.0,0.0,-0.698132,-0.0,1,0,8.051,19.668,0.0,0.0,0.0,0.0,0.2,2.0,1.0,0.05,1,0.0,0.2,0.0
230,2026-04-24T13:42:57.029Z,S20260424_144242,SC01,AUTO,,15.0118,0.0632,start,0,1500,VIDE,0.0,0.0,0.0,0.0,-0.698132,-0.0,1,0,7.137,18.661,0.0,0.0,0.0,0.0,0.2,2.0,1.0,0.05,1,0.0,0.2,0.0
231,2026-04-24T13:42:57.091Z,S20260424_144242,SC01,AUTO,,15.0731,0.0613,start,0,1500,VIDE,0.0,0.0,0.0,0.0,-0.698132,-0.0,1,0,20.942,19.226,0.0,0.0,0.0,0.0,0.2,2.0,1.0,0.05,1,0.0,0.2,0.0
232,2026-04-24T13:42:57.154Z,S20260424_144242,SC01,AUTO,,15.1361,0.0628,start,0,1500,VIDE,0.0,0.0,0.0,0.0,-0.698132,-0.0,1,0,17.684,19.982,0.0,0.0,0.0,0.0,0.2,2.0,1.0,0.05,1,0.0,0.2,0.0
233,2026-04-24T13:42:57.216Z,S20260424_144242,SC01,AUTO,,15.1985,0.0625,start,0,1500,VIDE,0.0,0.0,0.0,0.0,-0.698132,-0.0,1,0,18.275,16.259,0.0,0.0,0.0,0.0,0.2,2.0,1.0,0.05,1,0.0,0.2,0.0
234,2026-04-24T13:42:57.277Z,S20260424_144242,SC01,AUTO,,15.2592,0.0608,start,0,1500,VIDE,0.0,0.0,0.0,0.0,-0.698132,-0.0,1,0,20.845,18.569,0.0,0.0,0.0,0.0,0.2,2.0,1.0,0.05,1,0.0,0.2,0.0
235,2026-04-24T13:42:57.337Z,S20260424_144242,SC01,AUTO,,15.3197,0.0605,start,0,1500,VIDE,0.0,0.0,0.0,0.0,-0.698132,-0.0,1,0,20.245,20.281,0.0,0.0,0.0,0.0,0.2,2.0,1.0,0.05,1,0.0,0.2,0.0
236,2026-04-24T13:42:57.404Z,S20260424_144242,SC01,AUTO,,15.3862,0.0662,start,0,1500,VIDE,0.0,0.0,0.0,0.0,-0.698132,-0.0,1,0,21.555,19.793,0.0,0.0,0.0,0.0,0.2,2.0,1.0,0.05,1,0.0,0.2,0.0
237,2026-04-24T13:42:57.465Z,S20260424_144242,SC01,AUTO,,15.4474,0.0614,start,0,1500,VIDE,0.0,0.0,0.0,0.0,-0.698132,-0.0,1,0,24.335,19.958,0.0,0.0,0.0,0.0,0.2,2.0,1.0,0.05,1,0.0,0.2,0.0
238,2026-04-24T13:42:57.528Z,S20260424_144242,SC01,AUTO,,15.5098,0.0625,start,0,1500,VIDE,0.0,0.0,0.0,0.0,-0.698132,-0.0,1,0,21.508,19.878,0.0,0.0,0.0,0.0,0.2,2.0,1.0,0.05,1,0.0,0.2,0.0
239,2026-04-24T13:42:57.591Z,S20260424_144242,SC01,AUTO,,15.5736,0.0637,start,0,1500,VIDE,0.0,0.0,0.0,0.0,-0.698132,-0.0,1,0,17.63,19.705,0.0,0.0,0.0,0.0,0.2,2.0,1.0,0.05,1,0.0,0.2,0.0
240,2026-04-24T13:42:57.652Z,S20260424_144242,SC01,AUTO,,15.6344,0.0608,start,0,1500,VIDE,0.0,0.0,0.0,0.0,-0.698132,-0.0,1,0,17.593,18.098,0.0,0.0,0.0,0.0,0.2,2.0,1.0,0.05,1,0.0,0.2,0.0
241,2026-04-24T13:42:57.713Z,S20260424_144242,SC01,AUTO,,15.6954,0.0611,start,0,1500,VIDE,0.0,0.0,0.0,0.0,-0.698132,-0.0,1,0,17.491,16.983,0.0,0.0,0.0,0.0,0.2,2.0,1.0,0.05,1,0.0,0.2,0.0
242,2026-04-24T13:42:57.777Z,S20260424_144242,SC01,AUTO,,15.7599,0.0643,start,0,1500,VIDE,0.0,0.0,0.0,0.0,-0.698132,-0.0,1,0,20.038,14.489,0.0,0.0,0.0,0.0,0.2,2.0,1.0,0.05,1,0.0,0.2,0.0
243,2026-04-24T13:42:57.838Z,S20260424_144242,SC01,AUTO,,15.8201,0.0603,start,0,1500,VIDE,0.0,0.0,0.0,0.0,-0.698132,-0.0,1,0,16.889,18.142,0.0,0.0,0.0,0.0,0.2,2.0,1.0,0.05,1,0.0,0.2,0.0
244,2026-04-24T13:42:57.903Z,S20260424_144242,SC01,AUTO,,15.885,0.0649,start,0,1500,VIDE,0.0,0.0,0.0,0.0,-0.698132,-0.0,1,0,20.168,19.246,0.0,0.0,0.0,0.0,0.2,2.0,1.0,0.05,1,0.0,0.2,0.0
245,2026-04-24T13:42:57.965Z,S20260424_144242,SC01,AUTO,,15.9469,0.0618,start,0,1500,VIDE,0.0,0.0,0.0,0.0,-0.698132,-0.0,1,0,14.101,18.44,0.0,0.0,0.0,0.0,0.2,2.0,1.0,0.05,1,0.0,0.2,0.0
246,2026-04-24T13:42:58.029Z,S20260424_144242,SC01,AUTO,,16.0114,0.0645,start,0,1500,VIDE,0.0,0.0,0.0,0.0,-0.698132,-0.0,1,0,26.951,19.935,0.0,0.0,0.0,0.0,0.2,2.0,1.0,0.05,1,0.0,0.2,0.0
247,2026-04-24T13:42:58.086Z,S20260424_144242,SC01,AUTO,,16.0685,0.0571,start,0,1500,VIDE,0.0,0.0,0.0,0.0,-0.698132,-0.0,1,0,6.379,19.705,0.0,0.0,0.0,0.0,0.2,2.0,1.0,0.05,1,0.0,0.2,0.0
248,2026-04-24T13:42:58.151Z,S20260424_144242,SC01,AUTO,,16.1335,0.065,start,0,1500,VIDE,0.0,0.0,0.0,0.0,-0.698132,-0.0,1,0,22.161,19.529,0.0,0.0,0.0,0.0,0.2,2.0,1.0,0.05,1,0.0,0.2,0.0
249,2026-04-24T13:42:58.213Z,S20260424_144242,SC01,AUTO,,16.195,0.0615,start,0,1500,VIDE,0.0,0.0,0.0,0.0,-0.698132,-0.0,1,0,12.812,17.637,0.0,0.0,0.0,0.0,0.2,2.0,1.0,0.05,1,0.0,0.2,0.0
250,2026-04-24T13:42:58.274Z,S20260424_144242,SC01,AUTO,,16.2568,0.0617,start,0,1500,VIDE,0.0,0.0,0.0,0.0,-0.698132,-0.0,1,0,17.727,18.273,0.0,0.0,0.0,0.0,0.2,2.0,1.0,0.05,1,0.0,0.2,0.0
251,2026-04-24T13:42:58.337Z,S20260424_144242,SC01,AUTO,,16.319,0.0623,start,0,1500,VIDE,0.0,0.0,0.0,0.0,-0.698132,-0.0,1,0,16.872,19.812,0.0,0.0,0.0,0.0,0.2,2.0,1.0,0.05,1,0.0,0.2,0.0
252,2026-04-24T13:42:58.401Z,S20260424_144242,SC01,AUTO,,16.3831,0.0641,start,0,1500,VIDE,0.0,0.0,0.0,0.0,-0.698132,-0.0,1,0,10.822,19.479,0.0,0.0,0.0,0.0,0.2,2.0,1.0,0.05,1,0.0,0.2,0.0
253,2026-04-24T13:42:58.462Z,S20260424_144242,SC01,AUTO,,16.4439,0.0608,start,0,1500,VIDE,0.0,0.0,0.0,0.0,-0.698132,-0.0,1,0,32.185,20.033,0.0,0.0,0.0,0.0,0.2,2.0,1.0,0.05,1,0.0,0.2,0.0
254,2026-04-24T13:42:58.526Z,S20260424_144242,SC01,AUTO,,16.5081,0.0642,start,0,1500,VIDE,0.0,0.0,0.0,0.0,-0.698132,-0.0,1,0,28.037,5.3,0.0,0.0,0.0,0.0,0.2,2.0,1.0,0.05,1,0.0,0.2,0.0
255,2026-04-24T13:42:58.589Z,S20260424_144242,SC01,AUTO,,16.5717,0.0636,start,0,1500,VIDE,0.0,0.0,0.0,0.0,-0.698132,-0.0,1,0,22.398,19.47,0.0,0.0,0.0,0.0,0.2,2.0,1.0,0.05,1,0.0,0.2,0.0
256,2026-04-24T13:42:58.651Z,S20260424_144242,SC01,AUTO,,16.6336,0.0619,start,0,1500,VIDE,0.0,0.0,0.0,0.0,-0.698132,-0.0,1,0,12.09,19.317,0.0,0.0,0.0,0.0,0.2,2.0,1.0,0.05,1,0.0,0.2,0.0
257,2026-04-24T13:42:58.713Z,S20260424_144242,SC01,AUTO,,16.6954,0.0618,start,0,1500,VIDE,0.0,0.0,0.0,0.0,-0.698132,-0.0,1,0,25.877,4.805,0.0,0.0,0.0,0.0,0.2,2.0,1.0,0.05,1,0.0,0.2,0.0
258,2026-04-24T13:42:58.773Z,S20260424_144242,SC01,AUTO,,16.7549,0.0595,start,0,1500,VIDE,0.0,0.0,0.0,0.0,-0.698132,-0.0,1,0,11.483,19.025,0.0,0.0,0.0,0.0,0.2,2.0,1.0,0.05,1,0.0,0.2,0.0
259,2026-04-24T13:42:58.836Z,S20260424_144242,SC01,AUTO,,16.8184,0.0635,start,0,1500,VIDE,0.0,0.0,0.0,0.0,-0.698132,-0.0,1,0,23.848,18.207,0.0,0.0,0.0,0.0,0.2,2.0,1.0,0.05,1,0.0,0.2,0.0
260,2026-04-24T13:42:58.898Z,S20260424_144242,SC01,AUTO,,16.8807,0.0622,start,0,1500,VIDE,0.0,0.0,0.0,0.0,-0.698132,-0.0,1,0,18.787,19.664,0.0,0.0,0.0,0.0,0.2,2.0,1.0,0.05,1,0.0,0.2,0.0
261,2026-04-24T13:42:58.963Z,S20260424_144242,SC01,AUTO,,16.9457,0.065,start,0,1500,VIDE,0.0,0.0,0.0,0.0,-0.698132,-0.0,1,0,7.946,19.102,0.0,0.0,0.0,0.0,0.2,2.0,1.0,0.05,1,0.0,0.2,0.0
262,2026-04-24T13:42:59.026Z,S20260424_144242,SC01,AUTO,,17.0087,0.0631,start,0,1500,VIDE,0.0,0.0,0.0,0.0,-0.698132,-0.0,1,0,41.716,22.996,0.0,0.0,0.0,0.0,0.2,2.0,1.0,0.05,1,0.0,0.2,0.0
263,2026-04-24T13:42:59.086Z,S20260424_144242,SC01,AUTO,,17.068,0.0593,start,0,1500,VIDE,0.0,0.0,0.0,0.0,-0.698132,-0.0,1,0,16.501,19.572,0.0,0.0,0.0,0.0,0.2,2.0,1.0,0.05,1,0.0,0.2,0.0
264,2026-04-24T13:42:59.150Z,S20260424_144242,SC01,AUTO,,17.1324,0.0644,start,0,1500,VIDE,0.0,0.0,0.0,0.0,-0.698132,-0.0,1,0,10.279,19.999,0.0,0.0,0.0,0.0,0.2,2.0,1.0,0.05,1,0.0,0.2,0.0
265,2026-04-24T13:42:59.214Z,S20260424_144242,SC01,AUTO,,17.1958,0.0634,start,0,1500,VIDE,0.0,0.0,0.0,0.0,-0.698132,-0.0,1,0,5.997,20.07,0.0,0.0,0.0,0.0,0.2,2.0,1.0,0.05,1,0.0,0.2,0.0
266,2026-04-24T13:42:59.276Z,S20260424_144242,SC01,AUTO,,17.2586,0.0627,start,0,1500,VIDE,0.0,0.0,0.0,0.0,-0.698132,-0.0,1,0,17.792,18.292,0.0,0.0,0.0,0.0,0.2,2.0,1.0,0.05,1,0.0,0.2,0.0
267,2026-04-24T13:42:59.336Z,S20260424_144242,SC01,AUTO,,17.3187,0.0602,start,0,1500,VIDE,0.0,0.0,0.0,0.0,-0.698132,-0.0,1,0,33.584,18.447,0.0,0.0,0.0,0.0,0.2,2.0,1.0,0.05,1,0.0,0.2,0.0
268,2026-04-24T13:42:59.401Z,S20260424_144242,SC01,AUTO,,17.3836,0.0649,start,0,1500,VIDE,0.0,0.0,0.0,0.0,-0.698132,-0.0,1,0,17.364,20.617,0.0,0.0,0.0,0.0,0.2,2.0,1.0,0.05,1,0.0,0.2,0.0
269,2026-04-24T13:42:59.460Z,S20260424_144242,SC01,AUTO,,17.4425,0.0589,start,0,1500,VIDE,0.0,0.0,0.0,0.0,-0.698132,-0.0,1,0,9.148,18.92,0.0,0.0,0.0,0.0,0.2,2.0,1.0,0.05,1,0.0,0.2,0.0
270,2026-04-24T13:42:59.524Z,S20260424_144242,SC01,AUTO,,17.5062,0.0638,start,0,1500,VIDE,0.0,0.0,0.0,0.0,-0.698132,-0.0,1,0,4.583,19.963,0.0,0.0,0.0,0.0,0.2,2.0,1.0,0.05,1,0.0,0.2,0.0
271,2026-04-24T13:42:59.589Z,S20260424_144242,SC01,AUTO,,17.5715,0.0652,start,0,1500,VIDE,0.0,0.0,0.0,0.0,-0.698132,-0.0,1,0,15.396,20.268,0.0,0.0,0.0,0.0,0.2,2.0,1.0,0.05,1,0.0,0.2,0.0
272,2026-04-24T13:42:59.651Z,S20260424_144242,SC01,AUTO,,17.6333,0.0619,start,0,1500,VIDE,0.0,0.0,0.0,0.0,-0.698132,-0.0,1,0,14.054,18.796,0.0,0.0,0.0,0.0,0.2,2.0,1.0,0.05,1,0.0,0.2,0.0
273,2026-04-24T13:42:59.710Z,S20260424_144242,SC01,AUTO,,17.6926,0.0592,start,0,1500,VIDE,0.0,0.0,0.0,0.0,-0.698132,-0.0,1,0,24.072,19.578,0.0,0.0,0.0,0.0,0.2,2.0,1.0,0.05,1,0.0,0.2,0.0
274,2026-04-24T13:42:59.774Z,S20260424_144242,SC01,AUTO,,17.7565,0.0639,start,0,1500,VIDE,0.0,0.0,0.0,0.0,-0.698132,-0.0,1,0,16.119,19.636,0.0,0.0,0.0,0.0,0.2,2.0,1.0,0.05,1,0.0,0.2,0.0
275,2026-04-24T13:42:59.836Z,S20260424_144242,SC01,AUTO,,17.8184,0.062,start,0,1500,VIDE,0.0,0.0,0.0,0.0,-0.698132,-0.0,1,0,16.654,18.817,0.0,0.0,0.0,0.0,0.2,2.0,1.0,0.05,1,0.0,0.2,0.0
276,2026-04-24T13:42:59.899Z,S20260424_144242,SC01,AUTO,,17.8812,0.0627,start,0,1500,VIDE,0.0,0.0,0.0,0.0,-0.698132,-0.0,1,0,7.39,19.596,0.0,0.0,0.0,0.0,0.2,2.0,1.0,0.05,1,0.0,0.2,0.0
277,2026-04-24T13:42:59.961Z,S20260424_144242,SC01,AUTO,,17.9432,0.062,start,0,1500,VIDE,0.0,0.0,0.0,0.0,-0.698132,-0.0,1,0,23.364,19.283,0.0,0.0,0.0,0.0,0.2,2.0,1.0,0.05,1,0.0,0.2,0.0
278,2026-04-24T13:43:00.024Z,S20260424_144242,SC01,AUTO,,18.0066,0.0634,start,0,1500,VIDE,0.0,0.0,0.0,0.0,-0.698132,-0.0,1,0,24.906,19.442,0.0,0.0,0.0,0.0,0.2,2.0,1.0,0.05,1,0.0,0.2,0.0
279,2026-04-24T13:43:00.085Z,S20260424_144242,SC01,AUTO,,18.0676,0.061,start,0,1500,VIDE,0.0,0.0,0.0,0.0,-0.698132,-0.0,1,0,14.566,19.853,0.0,0.0,0.0,0.0,0.2,2.0,1.0,0.05,1,0.0,0.2,0.0
280,2026-04-24T13:43:00.148Z,S20260424_144242,SC01,AUTO,,18.1304,0.0628,start,0,1500,VIDE,0.0,0.0,0.0,0.0,-0.698132,-0.0,1,0,25.64,20.421,0.0,0.0,0.0,0.0,0.2,2.0,1.0,0.05,1,0.0,0.2,0.0
281,2026-04-24T13:43:00.213Z,S20260424_144242,SC01,AUTO,,18.1953,0.0649,start,0,1500,VIDE,0.0,0.0,0.0,0.0,-0.698132,-0.0,1,0,9.219,19.967,0.0,0.0,0.0,0.0,0.2,2.0,1.0,0.05,1,0.0,0.2,0.0
282,2026-04-24T13:43:00.274Z,S20260424_144242,SC01,AUTO,,18.2563,0.0611,start,0,1500,VIDE,0.0,0.0,0.0,0.0,-0.698132,-0.0,1,0,21.346,17.359,0.0,0.0,0.0,0.0,0.2,2.0,1.0,0.05,1,0.0,0.2,0.0
283,2026-04-24T13:43:00.336Z,S20260424_144242,SC01,AUTO,,18.318,0.0617,start,0,1500,VIDE,0.0,0.0,0.0,0.0,-0.698132,-0.0,1,0,38.673,25.657,0.0,0.0,0.0,0.0,0.2,2.0,1.0,0.05,1,0.0,0.2,0.0
284,2026-04-24T13:43:00.397Z,S20260424_144242,SC01,AUTO,,18.3797,0.0617,start,0,1500,VIDE,0.0,0.0,0.0,0.0,-0.698132,-0.0,1,0,9.374,19.097,0.0,0.0,0.0,0.0,0.2,2.0,1.0,0.05,1,0.0,0.2,0.0
285,2026-04-24T13:43:00.461Z,S20260424_144242,SC01,AUTO,,18.4438,0.0641,start,0,1500,VIDE,0.0,0.0,0.0,0.0,-0.698132,-0.0,1,0,20.154,19.804,0.0,0.0,0.0,0.0,0.2,2.0,1.0,0.05,1,0.0,0.2,0.0
286,2026-04-24T13:43:00.526Z,S20260424_144242,SC01,AUTO,,18.5081,0.0643,start,0,1500,VIDE,0.0,0.0,0.0,0.0,-0.698132,-0.0,1,0,18.239,19.203,0.0,0.0,0.0,0.0,0.2,2.0,1.0,0.05,1,0.0,0.2,0.0
287,2026-04-24T13:43:00.590Z,S20260424_144242,SC01,AUTO,,18.5721,0.064,start,0,1500,VIDE,0.0,0.0,0.0,0.0,-0.698132,-0.0,1,0,12.414,19.804,0.0,0.0,0.0,0.0,0.2,2.0,1.0,0.05,1,0.0,0.2,0.0
288,2026-04-24T13:43:00.649Z,S20260424_144242,SC01,AUTO,,18.6312,0.059,start,0,1500,VIDE,0.0,0.0,0.0,0.0,-0.698132,-0.0,1,0,23.859,19.519,0.0,0.0,0.0,0.0,0.2,2.0,1.0,0.05,1,0.0,0.2,0.0
289,2026-04-24T13:43:00.715Z,S20260424_144242,SC01,AUTO,,18.6976,0.0664,start,0,1500,VIDE,0.0,0.0,0.0,0.0,-0.698132,-0.0,1,0,17.293,0.543,0.0,0.0,0.0,0.0,0.2,2.0,1.0,0.05,1,0.0,0.2,0.0
290,2026-04-24T13:43:00.774Z,S20260424_144242,SC01,AUTO,,18.756,0.0584,start,0,1500,VIDE,0.0,0.0,0.0,0.0,-0.698132,-0.0,1,0,16.01,19.951,0.0,0.0,0.0,0.0,0.2,2.0,1.0,0.05,1,0.0,0.2,0.0
291,2026-04-24T13:43:00.837Z,S20260424_144242,SC01,AUTO,,18.8189,0.0629,start,0,1500,VIDE,0.0,0.0,0.0,0.0,-0.698132,-0.0,1,0,10.83,19.082,0.0,0.0,0.0,0.0,0.2,2.0,1.0,0.05,1,0.0,0.2,0.0
292,2026-04-24T13:43:00.900Z,S20260424_144242,SC01,AUTO,,18.882,0.0629,start,0,1500,VIDE,0.0,0.0,0.0,0.0,-0.698132,-0.0,1,0,21.6,19.844,0.0,0.0,0.0,0.0,0.2,2.0,1.0,0.05,1,0.0,0.2,0.0
293,2026-04-24T13:43:00.965Z,S20260424_144242,SC01,AUTO,,18.9473,0.0654,start,0,1500,VIDE,0.0,0.0,0.0,0.0,-0.698132,-0.0,1,0,6.482,18.789,0.0,0.0,0.0,0.0,0.2,2.0,1.0,0.05,1,0.0,0.2,0.0
294,2026-04-24T13:43:01.028Z,S20260424_144242,SC01,AUTO,,19.0099,0.0627,start,0,1500,VIDE,0.0,0.0,0.0,0.0,-0.698132,-0.0,1,0,19.148,20.188,0.0,0.0,0.0,0.0,0.2,2.0,1.0,0.05,1,0.0,0.2,0.0
295,2026-04-24T13:43:01.093Z,S20260424_144242,SC01,AUTO,,19.0753,0.0653,start,0,1500,VIDE,0.0,0.0,0.0,0.0,-0.698132,-0.0,1,0,11.279,19.595,0.0,0.0,0.0,0.0,0.2,2.0,1.0,0.05,1,0.0,0.2,0.0
296,2026-04-24T13:43:01.150Z,S20260424_144242,SC01,AUTO,,19.1323,0.057,start,0,1500,VIDE,0.0,0.0,0.0,0.0,-0.698132,-0.0,1,0,25.007,22.883,0.0,0.0,0.0,0.0,0.2,2.0,1.0,0.05,1,0.0,0.2,0.0
297,2026-04-24T13:43:01.211Z,S20260424_144242,SC01,AUTO,,19.1928,0.0605,start,0,1500,VIDE,0.0,0.0,0.0,0.0,-0.698132,-0.0,1,0,8.573,19.7,0.0,0.0,0.0,0.0,0.2,2.0,1.0,0.05,1,0.0,0.2,0.0
298,2026-04-24T13:43:01.277Z,S20260424_144242,SC01,AUTO,,19.2594,0.0666,start,0,1500,VIDE,0.0,0.0,0.0,0.0,-0.698132,-0.0,1,0,34.377,25.804,0.0,0.0,0.0,0.0,0.2,2.0,1.0,0.05,1,0.0,0.2,0.0
299,2026-04-24T13:43:01.337Z,S20260424_144242,SC01,AUTO,,19.3196,0.0602,start,0,1500,VIDE,0.0,0.0,0.0,0.0,-0.698132,-0.0,1,0,34.377,25.804,0.0,0.0,0.0,0.0,0.2,2.0,1.0,0.05,1,0.0,0.2,0.0
300,2026-04-24T13:43:01.399Z,S20260424_144242,SC01,AUTO,,19.3812,0.0616,start,0,1500,VIDE,0.0,0.0,0.0,0.0,-0.698132,-0.0,1,0,34.377,25.804,0.0,0.0,0.0,0.0,0.2,2.0,1.0,0.05,1,0.0,0.2,0.0
301,2026-04-24T13:43:01.462Z,S20260424_144242,SC01,AUTO,,19.4444,0.0632,start,0,1500,VIDE,0.0,0.0,0.0,0.0,-0.698132,-0.0,1,0,34.377,25.804,0.0,0.0,0.0,0.0,0.2,2.0,1.0,0.05,1,0.0,0.2,0.0
302,2026-04-24T13:43:01.525Z,S20260424_144242,SC01,AUTO,,19.5076,0.0631,start,0,1500,VIDE,0.0,0.0,0.0,0.0,-0.698132,-0.0,1,0,34.377,25.804,0.0,0.0,0.0,0.0,0.2,2.0,1.0,0.05,1,0.0,0.2,0.0
303,2026-04-24T13:43:01.588Z,S20260424_144242,SC01,AUTO,,19.5705,0.063,start,0,1500,VIDE,0.0,0.0,0.0,0.0,-0.698132,-0.0,1,0,34.377,25.804,0.0,0.0,0.0,0.0,0.2,2.0,1.0,0.05,1,0.0,0.2,0.0
304,2026-04-24T13:43:01.651Z,S20260424_144242,SC01,AUTO,,19.633,0.0624,start,0,1500,VIDE,0.0,0.0,0.0,0.0,-0.698132,-0.0,1,0,34.377,25.804,0.0,0.0,0.0,0.0,0.2,2.0,1.0,0.05,1,0.0,0.2,0.0
305,2026-04-24T13:43:01.715Z,S20260424_144242,SC01,AUTO,,19.697,0.064,start,0,1500,VIDE,0.0,0.0,0.0,0.0,-0.698132,-0.0,1,0,34.377,25.804,0.0,0.0,0.0,0.0,0.2,2.0,1.0,0.05,1,0.0,0.2,0.0
306,2026-04-24T13:43:01.776Z,S20260424_144242,SC01,AUTO,,19.7585,0.0615,start,0,1500,VIDE,0.0,0.0,0.0,0.0,-0.698132,-0.0,1,0,34.377,25.804,0.0,0.0,0.0,0.0,0.2,2.0,1.0,0.05,1,0.0,0.2,0.0
307,2026-04-24T13:43:01.837Z,S20260424_144242,SC01,AUTO,,19.8194,0.0609,start,0,1500,VIDE,0.0,0.0,0.0,0.0,-0.698132,-0.0,1,0,34.377,25.804,0.0,0.0,0.0,0.0,0.2,2.0,1.0,0.05,1,0.0,0.2,0.0
308,2026-04-24T13:43:01.901Z,S20260424_144242,SC01,AUTO,,19.883,0.0637,start,0,1500,VIDE,0.0,0.0,0.0,0.0,-0.698132,-0.0,1,0,34.377,25.804,0.0,0.0,0.0,0.0,0.2,2.0,1.0,0.05,1,0.0,0.2,0.0
309,2026-04-24T13:43:01.963Z,S20260424_144242,SC01,AUTO,,19.9453,0.0623,start,0,1500,VIDE,0.0,0.0,0.0,0.0,-0.698132,-0.0,1,0,34.377,25.804,0.0,0.0,0.0,0.0,0.2,2.0,1.0,0.05,1,0.0,0.2,0.0
310,2026-04-24T13:43:02.027Z,S20260424_144242,SC01,AUTO,,20.0092,0.0639,start,0,1500,VIDE,0.0,0.0,0.0,0.0,-0.698132,-0.0,1,0,34.377,25.804,0.0,0.0,0.0,0.0,0.2,2.0,1.0,0.05,1,0.0,0.2,0.0
311,2026-04-24T13:43:02.090Z,S20260424_144242,SC01,AUTO,,20.072,0.0627,start,0,1500,VIDE,0.0,0.0,0.0,0.0,-0.698132,-0.0,1,0,34.377,25.804,0.0,0.0,0.0,0.0,0.2,2.0,1.0,0.05,1,0.0,0.2,0.0
312,2026-04-24T13:43:02.152Z,S20260424_144242,SC01,AUTO,,20.1345,0.0625,start,0,1500,VIDE,0.0,0.0,0.0,0.0,-0.698132,-0.0,1,0,34.377,25.804,0.0,0.0,0.0,0.0,0.2,2.0,1.0,0.05,1,0.0,0.2,0.0
313,2026-04-24T13:43:02.214Z,S20260424_144242,SC01,AUTO,,20.1961,0.0616,start,0,1500,VIDE,0.0,0.0,0.0,0.0,-0.698132,-0.0,1,0,34.377,25.804,0.0,0.0,0.0,0.0,0.2,2.0,1.0,0.05,1,0.0,0.2,0.0
314,2026-04-24T13:43:02.274Z,S20260424_144242,SC01,AUTO,,20.2566,0.0605,start,0,1500,VIDE,0.0,0.0,0.0,0.0,-0.698132,-0.0,1,0,34.377,25.804,0.0,0.0,0.0,0.0,0.2,2.0,1.0,0.05,1,0.0,0.2,0.0
315,2026-04-24T13:43:02.337Z,S20260424_144242,SC01,AUTO,,20.3191,0.0625,start,0,1500,VIDE,0.0,0.0,0.0,0.0,-0.698132,-0.0,1,0,34.377,25.804,0.0,0.0,0.0,0.0,0.2,2.0,1.0,0.05,1,0.0,0.2,0.0
316,2026-04-24T13:43:02.397Z,S20260424_144242,SC01,AUTO,,20.3797,0.0606,start,0,1500,VIDE,0.0,0.0,0.0,0.0,-0.698132,-0.0,1,0,34.377,25.804,0.0,0.0,0.0,0.0,0.2,2.0,1.0,0.05,1,0.0,0.2,0.0
317,2026-04-24T13:43:02.463Z,S20260424_144242,SC01,AUTO,,20.4451,0.0653,start,0,1500,VIDE,0.0,0.0,0.0,0.0,-0.698132,-0.0,1,0,34.377,25.804,0.0,0.0,0.0,0.0,0.2,2.0,1.0,0.05,1,0.0,0.2,0.0
318,2026-04-24T13:43:02.525Z,S20260424_144242,SC01,AUTO,,20.507,0.0619,start,0,1500,VIDE,0.0,0.0,0.0,0.0,-0.698132,-0.0,1,0,34.377,25.804,0.0,0.0,0.0,0.0,0.2,2.0,1.0,0.05,1,0.0,0.2,0.0
319,2026-04-24T13:43:02.586Z,S20260424_144242,SC01,AUTO,,20.5686,0.0617,start,0,1500,VIDE,0.0,0.0,0.0,0.0,-0.698132,-0.0,1,0,34.377,25.804,0.0,0.0,0.0,0.0,0.2,2.0,1.0,0.05,1,0.0,0.2,0.0
320,2026-04-24T13:43:02.649Z,S20260424_144242,SC01,AUTO,,20.6312,0.0626,start,0,1500,VIDE,0.0,0.0,0.0,0.0,-0.698132,-0.0,1,0,34.377,25.804,0.0,0.0,0.0,0.0,0.2,2.0,1.0,0.05,1,0.0,0.2,0.0
321,2026-04-24T13:43:02.711Z,S20260424_144242,SC01,AUTO,,20.6936,0.0623,start,0,1500,VIDE,0.0,0.0,0.0,0.0,-0.698132,-0.0,1,0,34.377,25.804,0.0,0.0,0.0,0.0,0.2,2.0,1.0,0.05,1,0.0,0.2,0.0
322,2026-04-24T13:43:02.774Z,S20260424_144242,SC01,AUTO,,20.7561,0.0625,start,0,1500,VIDE,0.0,0.0,0.0,0.0,-0.698132,-0.0,1,0,34.377,25.804,0.0,0.0,0.0,0.0,0.2,2.0,1.0,0.05,1,0.0,0.2,0.0
323,2026-04-24T13:43:02.836Z,S20260424_144242,SC01,AUTO,,20.8186,0.0625,start,0,1500,VIDE,0.0,0.0,0.0,0.0,-0.698132,-0.0,1,0,34.377,25.804,0.0,0.0,0.0,0.0,0.2,2.0,1.0,0.05,1,0.0,0.2,0.0
324,2026-04-24T13:43:02.899Z,S20260424_144242,SC01,AUTO,,20.8814,0.0628,start,0,1500,VIDE,0.0,0.0,0.0,0.0,-0.698132,-0.0,1,0,34.377,25.804,0.0,0.0,0.0,0.0,0.2,2.0,1.0,0.05,1,0.0,0.2,0.0
325,2026-04-24T13:43:02.961Z,S20260424_144242,SC01,AUTO,,20.9432,0.0618,start,0,1500,VIDE,0.0,0.0,0.0,0.0,-0.698132,-0.0,1,0,34.377,25.804,0.0,0.0,0.0,0.0,0.2,2.0,1.0,0.05,1,0.0,0.2,0.0
326,2026-04-24T13:43:03.029Z,S20260424_144242,SC01,AUTO,,21.0115,0.0683,start,0,1500,VIDE,0.0,0.0,0.0,0.0,-0.698132,-0.0,1,0,34.377,25.804,0.0,0.0,0.0,0.0,0.2,2.0,1.0,0.05,1,0.0,0.2,0.0
327,2026-04-24T13:43:03.086Z,S20260424_144242,SC01,AUTO,,21.0686,0.0571,start,0,1500,VIDE,0.0,0.0,0.0,0.0,-0.698132,-0.0,1,0,34.377,25.804,0.0,0.0,0.0,0.0,0.2,2.0,1.0,0.05,1,0.0,0.2,0.0
328,2026-04-24T13:43:03.148Z,S20260424_144242,SC01,AUTO,,21.1305,0.0619,start,0,1500,VIDE,0.0,0.0,0.0,0.0,-0.698132,-0.0,1,0,34.377,25.804,0.0,0.0,0.0,0.0,0.2,2.0,1.0,0.05,1,0.0,0.2,0.0
329,2026-04-24T13:43:03.210Z,S20260424_144242,SC01,AUTO,,21.1923,0.0618,start,0,1500,VIDE,0.0,0.0,0.0,0.0,-0.698132,-0.0,1,0,34.377,25.804,0.0,0.0,0.0,0.0,0.2,2.0,1.0,0.05,1,0.0,0.2,0.0
330,2026-04-24T13:43:03.273Z,S20260424_144242,SC01,AUTO,,21.2556,0.0633,start,0,1500,VIDE,0.0,0.0,0.0,0.0,-0.698132,-0.0,1,0,34.377,25.804,0.0,0.0,0.0,0.0,0.2,2.0,1.0,0.05,1,0.0,0.2,0.0
331,2026-04-24T13:43:03.336Z,S20260424_144242,SC01,AUTO,,21.318,0.0623,start,0,1500,VIDE,0.0,0.0,0.0,0.0,-0.698132,-0.0,1,0,34.377,25.804,0.0,0.0,0.0,0.0,0.2,2.0,1.0,0.05,1,0.0,0.2,0.0
332,2026-04-24T13:43:03.398Z,S20260424_144242,SC01,AUTO,,21.3801,0.0622,start,0,1500,VIDE,0.0,0.0,0.0,0.0,-0.698132,-0.0,1,0,34.377,25.804,0.0,0.0,0.0,0.0,0.2,2.0,1.0,0.05,1,0.0,0.2,0.0
333,2026-04-24T13:43:03.461Z,S20260424_144242,SC01,AUTO,,21.4433,0.0632,start,0,1500,VIDE,0.0,0.0,0.0,0.0,-0.698132,-0.0,1,0,34.377,25.804,0.0,0.0,0.0,0.0,0.2,2.0,1.0,0.05,1,0.0,0.2,0.0
334,2026-04-24T13:43:03.523Z,S20260424_144242,SC01,AUTO,,21.5055,0.0622,start,0,1500,VIDE,0.0,0.0,0.0,0.0,-0.698132,-0.0,1,0,34.377,25.804,0.0,0.0,0.0,0.0,0.2,2.0,1.0,0.05,1,0.0,0.2,0.0
335,2026-04-24T13:43:03.586Z,S20260424_144242,SC01,AUTO,,21.5681,0.0625,start,0,1500,VIDE,0.0,0.0,0.0,0.0,-0.698132,-0.0,1,0,34.377,25.804,0.0,0.0,0.0,0.0,0.2,2.0,1.0,0.05,1,0.0,0.2,0.0
336,2026-04-24T13:43:03.654Z,S20260424_144242,SC01,AUTO,,21.636,0.0678,start,0,1500,VIDE,0.0,0.0,0.0,0.0,-0.698132,-0.0,1,0,34.377,25.804,0.0,0.0,0.0,0.0,0.2,2.0,1.0,0.05,1,0.0,0.2,0.0
337,2026-04-24T13:43:03.712Z,S20260424_144242,SC01,AUTO,,21.6939,0.0581,start,0,1500,VIDE,0.0,0.0,0.0,0.0,-0.698132,-0.0,1,0,34.377,25.804,0.0,0.0,0.0,0.0,0.2,2.0,1.0,0.05,1,0.0,0.2,0.0
338,2026-04-24T13:43:03.774Z,S20260424_144242,SC01,AUTO,,21.7558,0.0619,start,0,1500,VIDE,0.0,0.0,0.0,0.0,-0.698132,-0.0,1,0,34.377,25.804,0.0,0.0,0.0,0.0,0.2,2.0,1.0,0.05,1,0.0,0.2,0.0
339,2026-04-24T13:43:03.836Z,S20260424_144242,SC01,AUTO,,21.8179,0.0621,start,0,1500,VIDE,0.0,0.0,0.0,0.0,-0.698132,-0.0,1,0,34.377,25.804,0.0,0.0,0.0,0.0,0.2,2.0,1.0,0.05,1,0.0,0.2,0.0
340,2026-04-24T13:43:03.898Z,S20260424_144242,SC01,AUTO,,21.8805,0.0626,start,0,1500,VIDE,0.0,0.0,0.0,0.0,-0.698132,-0.0,1,0,34.377,25.804,0.0,0.0,0.0,0.0,0.2,2.0,1.0,0.05,1,0.0,0.2,0.0
341,2026-04-24T13:43:03.961Z,S20260424_144242,SC01,AUTO,,21.9432,0.0628,start,0,1500,VIDE,0.0,0.0,0.0,0.0,-0.698132,-0.0,1,0,34.377,25.804,0.0,0.0,0.0,0.0,0.2,2.0,1.0,0.05,1,0.0,0.2,0.0
342,2026-04-24T13:43:04.023Z,S20260424_144242,SC01,AUTO,,22.0057,0.0625,start,0,1500,VIDE,0.0,0.0,0.0,0.0,-0.698132,-0.0,1,0,34.377,25.804,0.0,0.0,0.0,0.0,0.2,2.0,1.0,0.05,1,0.0,0.2,0.0
343,2026-04-24T13:43:04.087Z,S20260424_144242,SC01,AUTO,,22.0691,0.0633,start,0,1500,VIDE,0.0,0.0,0.0,0.0,-0.698132,-0.0,1,0,34.377,25.804,0.0,0.0,0.0,0.0,0.2,2.0,1.0,0.05,1,0.0,0.2,0.0
344,2026-04-24T13:43:04.149Z,S20260424_144242,SC01,AUTO,,22.1311,0.0621,start,0,1500,VIDE,0.0,0.0,0.0,0.0,-0.698132,-0.0,1,0,34.377,25.804,0.0,0.0,0.0,0.0,0.2,2.0,1.0,0.05,1,0.0,0.2,0.0
345,2026-04-24T13:43:04.210Z,S20260424_144242,SC01,AUTO,,22.1927,0.0615,start,0,1500,VIDE,0.0,0.0,0.0,0.0,-0.698132,-0.0,1,0,34.377,25.804,0.0,0.0,0.0,0.0,0.2,2.0,1.0,0.05,1,0.0,0.2,0.0
346,2026-04-24T13:43:04.274Z,S20260424_144242,SC01,AUTO,,22.2566,0.064,start,0,1500,VIDE,0.0,0.0,0.0,0.0,-0.698132,-0.0,1,0,34.377,25.804,0.0,0.0,0.0,0.0,0.2,2.0,1.0,0.05,1,0.0,0.2,0.0
347,2026-04-24T13:43:04.337Z,S20260424_144242,SC01,AUTO,,22.3192,0.0626,start,0,1500,VIDE,0.0,0.0,0.0,0.0,-0.698132,-0.0,1,0,34.377,25.804,0.0,0.0,0.0,0.0,0.2,2.0,1.0,0.05,1,0.0,0.2,0.0
348,2026-04-24T13:43:04.403Z,S20260424_144242,SC01,AUTO,,22.3851,0.0659,start,0,1500,VIDE,0.0,0.0,0.0,0.0,-0.698132,-0.0,1,0,34.377,25.804,0.0,0.0,0.0,0.0,0.2,2.0,1.0,0.05,1,0.0,0.2,0.0
349,2026-04-24T13:43:04.462Z,S20260424_144242,SC01,AUTO,,22.444,0.0589,start,0,1500,VIDE,0.0,0.0,0.0,0.0,-0.698132,-0.0,1,0,34.377,25.804,0.0,0.0,0.0,0.0,0.2,2.0,1.0,0.05,1,0.0,0.2,0.0
350,2026-04-24T13:43:04.530Z,S20260424_144242,SC01,AUTO,,22.5125,0.0685,start,0,1500,VIDE,0.0,0.0,0.0,0.0,-0.698132,-0.0,1,0,34.377,25.804,0.0,0.0,0.0,0.0,0.2,2.0,1.0,0.05,1,0.0,0.2,0.0
351,2026-04-24T13:43:04.594Z,S20260424_144242,SC01,AUTO,,22.5765,0.064,start,0,1500,VIDE,0.0,0.0,0.0,0.0,-0.698132,-0.0,1,0,34.377,25.804,0.0,0.0,0.0,0.0,0.2,2.0,1.0,0.05,1,0.0,0.2,0.0
352,2026-04-24T13:43:04.656Z,S20260424_144242,SC01,AUTO,,22.6387,0.0623,start,0,1500,VIDE,0.0,0.0,0.0,0.0,-0.698132,-0.0,1,0,34.377,25.804,0.0,0.0,0.0,0.0,0.2,2.0,1.0,0.05,1,0.0,0.2,0.0
353,2026-04-24T13:43:04.713Z,S20260424_144242,SC01,AUTO,,22.6956,0.0569,start,0,1500,VIDE,0.0,0.0,0.0,0.0,-0.698132,-0.0,1,0,34.377,25.804,0.0,0.0,0.0,0.0,0.2,2.0,1.0,0.05,1,0.0,0.2,0.0
354,2026-04-24T13:43:04.776Z,S20260424_144242,SC01,AUTO,,22.7588,0.0631,start,0,1500,VIDE,0.0,0.0,0.0,0.0,-0.698132,-0.0,1,0,34.377,25.804,0.0,0.0,0.0,0.0,0.2,2.0,1.0,0.05,1,0.0,0.2,0.0
355,2026-04-24T13:43:04.837Z,S20260424_144242,SC01,AUTO,,22.8194,0.0606,start,0,1500,VIDE,0.0,0.0,0.0,0.0,-0.698132,-0.0,1,0,34.377,25.804,0.0,0.0,0.0,0.0,0.2,2.0,1.0,0.05,1,0.0,0.2,0.0
356,2026-04-24T13:43:04.899Z,S20260424_144242,SC01,AUTO,,22.8811,0.0617,start,0,1500,VIDE,0.0,0.0,0.0,0.0,-0.698132,-0.0,1,0,34.377,25.804,0.0,0.0,0.0,0.0,0.2,2.0,1.0,0.05,1,0.0,0.2,0.0
357,2026-04-24T13:43:04.962Z,S20260424_144242,SC01,AUTO,,22.9445,0.0634,start,0,1500,VIDE,0.0,0.0,0.0,0.0,-0.698132,-0.0,1,0,34.377,25.804,0.0,0.0,0.0,0.0,0.2,2.0,1.0,0.05,1,0.0,0.2,0.0
358,2026-04-24T13:43:05.026Z,S20260424_144242,SC01,AUTO,,23.0087,0.0642,start,0,1500,VIDE,0.0,0.0,0.0,0.0,-0.698132,-0.0,1,0,34.377,25.804,0.0,0.0,0.0,0.0,0.2,2.0,1.0,0.05,1,0.0,0.2,0.0
359,2026-04-24T13:43:05.091Z,S20260424_144242,SC01,AUTO,,23.0729,0.0641,start,0,1500,VIDE,0.0,0.0,0.0,0.0,-0.698132,-0.0,1,0,34.377,25.804,0.0,0.0,0.0,0.0,0.2,2.0,1.0,0.05,1,0.0,0.2,0.0
360,2026-04-24T13:43:05.153Z,S20260424_144242,SC01,AUTO,,23.1352,0.0624,start,0,1500,VIDE,0.0,0.0,0.0,0.0,-0.698132,-0.0,1,0,34.377,25.804,0.0,0.0,0.0,0.0,0.2,2.0,1.0,0.05,1,0.0,0.2,0.0
361,2026-04-24T13:43:05.214Z,S20260424_144242,SC01,AUTO,,23.1965,0.0613,start,0,1500,VIDE,0.0,0.0,0.0,0.0,-0.698132,-0.0,1,0,34.377,25.804,0.0,0.0,0.0,0.0,0.2,2.0,1.0,0.05,1,0.0,0.2,0.0
362,2026-04-24T13:43:05.275Z,S20260424_144242,SC01,AUTO,,23.2578,0.0613,start,0,1500,VIDE,0.0,0.0,0.0,0.0,-0.698132,-0.0,1,0,34.377,25.804,0.0,0.0,0.0,0.0,0.2,2.0,1.0,0.05,1,0.0,0.2,0.0
363,2026-04-24T13:43:05.337Z,S20260424_144242,SC01,AUTO,,23.3195,0.0617,start,0,1500,VIDE,0.0,0.0,0.0,0.0,-0.698132,-0.0,1,0,34.377,25.804,0.0,0.0,0.0,0.0,0.2,2.0,1.0,0.05,1,0.0,0.2,0.0
364,2026-04-24T13:43:05.404Z,S20260424_144242,SC01,AUTO,,23.3861,0.0666,start,0,1500,VIDE,0.0,0.0,0.0,0.0,-0.698132,-0.0,1,0,34.377,25.804,0.0,0.0,0.0,0.0,0.2,2.0,1.0,0.05,1,0.0,0.2,0.0
365,2026-04-24T13:43:05.463Z,S20260424_144242,SC01,AUTO,,23.4454,0.0593,start,0,1500,VIDE,0.0,0.0,0.0,0.0,-0.698132,-0.0,1,0,34.377,25.804,0.0,0.0,0.0,0.0,0.2,2.0,1.0,0.05,1,0.0,0.2,0.0
366,2026-04-24T13:43:05.530Z,S20260424_144242,SC01,AUTO,,23.5125,0.0671,start,0,1500,VIDE,0.0,0.0,0.0,0.0,-0.698132,-0.0,1,0,34.377,25.804,0.0,0.0,0.0,0.0,0.2,2.0,1.0,0.05,1,0.0,0.2,0.0
367,2026-04-24T13:43:05.586Z,S20260424_144242,SC01,AUTO,,23.5687,0.0562,start,0,1500,VIDE,0.0,0.0,0.0,0.0,-0.698132,-0.0,1,0,34.377,25.804,0.0,0.0,0.0,0.0,0.2,2.0,1.0,0.05,1,0.0,0.2,0.0
368,2026-04-24T13:43:05.650Z,S20260424_144242,SC01,AUTO,,23.6324,0.0637,start,0,1500,VIDE,0.0,0.0,0.0,0.0,-0.698132,-0.0,1,0,34.377,25.804,0.0,0.0,0.0,0.0,0.2,2.0,1.0,0.05,1,0.0,0.2,0.0
369,2026-04-24T13:43:05.714Z,S20260424_144242,SC01,AUTO,,23.6964,0.064,start,0,1500,VIDE,0.0,0.0,0.0,0.0,-0.698132,-0.0,1,0,34.377,25.804,0.0,0.0,0.0,0.0,0.2,2.0,1.0,0.05,1,0.0,0.2,0.0
370,2026-04-24T13:43:05.777Z,S20260424_144242,SC01,AUTO,,23.7595,0.0631,start,0,1500,VIDE,0.0,0.0,0.0,0.0,-0.698132,-0.0,1,0,34.377,25.804,0.0,0.0,0.0,0.0,0.2,2.0,1.0,0.05,1,0.0,0.2,0.0
371,2026-04-24T13:43:05.837Z,S20260424_144242,SC01,AUTO,,23.8194,0.0599,start,0,1500,VIDE,0.0,0.0,0.0,0.0,-0.698132,-0.0,1,0,34.377,25.804,0.0,0.0,0.0,0.0,0.2,2.0,1.0,0.05,1,0.0,0.2,0.0
372,2026-04-24T13:43:05.906Z,S20260424_144242,SC01,AUTO,,23.8888,0.0693,start,0,1500,VIDE,0.0,0.0,0.0,0.0,-0.698132,-0.0,1,0,34.377,25.804,0.0,0.0,0.0,0.0,0.2,2.0,1.0,0.05,1,0.0,0.2,0.0
373,2026-04-24T13:43:05.963Z,S20260424_144242,SC01,AUTO,,23.9454,0.0566,start,0,1500,VIDE,0.0,0.0,0.0,0.0,-0.698132,-0.0,1,0,34.377,25.804,0.0,0.0,0.0,0.0,0.2,2.0,1.0,0.05,1,0.0,0.2,0.0
374,2026-04-24T13:43:06.026Z,S20260424_144242,SC01,AUTO,,24.0082,0.0628,start,0,1500,VIDE,0.0,0.0,0.0,0.0,-0.698132,-0.0,1,0,34.377,25.804,0.0,0.0,0.0,0.0,0.2,2.0,1.0,0.05,1,0.0,0.2,0.0
375,2026-04-24T13:43:06.091Z,S20260424_144242,SC01,AUTO,,24.0737,0.0654,start,0,1500,VIDE,0.0,0.0,0.0,0.0,-0.698132,-0.0,1,0,34.377,25.804,0.0,0.0,0.0,0.0,0.2,2.0,1.0,0.05,1,0.0,0.2,0.0
376,2026-04-24T13:43:06.149Z,S20260424_144242,SC01,AUTO,,24.1316,0.058,start,0,1500,VIDE,0.0,0.0,0.0,0.0,-0.698132,-0.0,1,0,34.377,25.804,0.0,0.0,0.0,0.0,0.2,2.0,1.0,0.05,1,0.0,0.2,0.0
377,2026-04-24T13:43:06.214Z,S20260424_144242,SC01,AUTO,,24.1965,0.0648,start,0,1500,VIDE,0.0,0.0,0.0,0.0,-0.698132,-0.0,1,0,34.377,25.804,0.0,0.0,0.0,0.0,0.2,2.0,1.0,0.05,1,0.0,0.2,0.0
378,2026-04-24T13:43:06.277Z,S20260424_144242,SC01,AUTO,,24.2588,0.0624,start,0,1500,VIDE,0.0,0.0,0.0,0.0,-0.698132,-0.0,1,0,34.377,25.804,0.0,0.0,0.0,0.0,0.2,2.0,1.0,0.05,1,0.0,0.2,0.0
379,2026-04-24T13:43:06.337Z,S20260424_144242,SC01,AUTO,,24.3195,0.0606,start,0,1500,VIDE,0.0,0.0,0.0,0.0,-0.698132,-0.0,1,0,34.377,25.804,0.0,0.0,0.0,0.0,0.2,2.0,1.0,0.05,1,0.0,0.2,0.0
380,2026-04-24T13:43:06.403Z,S20260424_144242,SC01,AUTO,,24.385,0.0656,start,0,1500,VIDE,0.0,0.0,0.0,0.0,-0.698132,-0.0,1,0,34.377,25.804,0.0,0.0,0.0,0.0,0.2,2.0,1.0,0.05,1,0.0,0.2,0.0
381,2026-04-24T13:43:06.463Z,S20260424_144242,SC01,AUTO,,24.4451,0.06,start,0,1500,VIDE,0.0,0.0,0.0,0.0,-0.698132,-0.0,1,0,34.377,25.804,0.0,0.0,0.0,0.0,0.2,2.0,1.0,0.05,1,0.0,0.2,0.0
382,2026-04-24T13:43:06.525Z,S20260424_144242,SC01,AUTO,,24.5073,0.0622,start,0,1500,VIDE,0.0,0.0,0.0,0.0,-0.698132,-0.0,1,0,34.377,25.804,0.0,0.0,0.0,0.0,0.2,2.0,1.0,0.05,1,0.0,0.2,0.0
383,2026-04-24T13:43:06.587Z,S20260424_144242,SC01,AUTO,,24.5693,0.062,start,0,1500,VIDE,0.0,0.0,0.0,0.0,-0.698132,-0.0,1,0,34.377,25.804,0.0,0.0,0.0,0.0,0.2,2.0,1.0,0.05,1,0.0,0.2,0.0
384,2026-04-24T13:43:06.648Z,S20260424_144242,SC01,AUTO,,24.6303,0.061,start,0,1500,VIDE,0.0,0.0,0.0,0.0,-0.698132,-0.0,1,0,34.377,25.804,0.0,0.0,0.0,0.0,0.2,2.0,1.0,0.05,1,0.0,0.2,0.0
385,2026-04-24T13:43:06.710Z,S20260424_144242,SC01,AUTO,,24.6928,0.0625,start,0,1500,VIDE,0.0,0.0,0.0,0.0,-0.698132,-0.0,1,0,34.377,25.804,0.0,0.0,0.0,0.0,0.2,2.0,1.0,0.05,1,0.0,0.2,0.0
386,2026-04-24T13:43:06.777Z,S20260424_144242,SC01,AUTO,,24.7593,0.0665,start,0,1500,VIDE,0.0,0.0,0.0,0.0,-0.698132,-0.0,1,0,34.377,25.804,0.0,0.0,0.0,0.0,0.2,2.0,1.0,0.05,1,0.0,0.2,0.0
387,2026-04-24T13:43:06.837Z,S20260424_144242,SC01,AUTO,,24.8194,0.0601,start,0,1500,VIDE,0.0,0.0,0.0,0.0,-0.698132,-0.0,1,0,34.377,25.804,0.0,0.0,0.0,0.0,0.2,2.0,1.0,0.05,1,0.0,0.2,0.0
388,2026-04-24T13:43:06.900Z,S20260424_144242,SC01,AUTO,,24.8826,0.0632,start,0,1500,VIDE,0.0,0.0,0.0,0.0,-0.698132,-0.0,1,0,34.377,25.804,0.0,0.0,0.0,0.0,0.2,2.0,1.0,0.05,1,0.0,0.2,0.0
389,2026-04-24T13:43:06.961Z,S20260424_144242,SC01,AUTO,,24.9431,0.0605,start,0,1500,VIDE,0.0,0.0,0.0,0.0,-0.698132,-0.0,1,0,34.377,25.804,0.0,0.0,0.0,0.0,0.2,2.0,1.0,0.05,1,0.0,0.2,0.0
390,2026-04-24T13:43:07.030Z,S20260424_144242,SC01,AUTO,,25.0127,0.0695,start,0,1500,VIDE,0.0,0.0,0.0,0.0,-0.698132,-0.0,1,0,34.377,25.804,0.0,0.0,0.0,0.0,0.2,2.0,1.0,0.05,1,0.0,0.2,0.0
391,2026-04-24T13:43:07.097Z,S20260424_144242,SC01,AUTO,,25.0789,0.0663,start,0,1500,VIDE,0.0,0.0,0.0,0.0,-0.698132,-0.0,1,0,34.377,25.804,0.0,0.0,0.0,0.0,0.2,2.0,1.0,0.05,1,0.0,0.2,0.0
392,2026-04-24T13:43:07.157Z,S20260424_144242,SC01,AUTO,,25.1389,0.0599,start,0,1500,VIDE,0.0,0.0,0.0,0.0,-0.698132,-0.0,1,0,34.377,25.804,0.0,0.0,0.0,0.0,0.2,2.0,1.0,0.05,1,0.0,0.2,0.0
393,2026-04-24T13:43:07.214Z,S20260424_144242,SC01,AUTO,,25.196,0.0572,start,0,1500,VIDE,0.0,0.0,0.0,0.0,-0.698132,-0.0,1,0,34.377,25.804,0.0,0.0,0.0,0.0,0.2,2.0,1.0,0.05,1,0.0,0.2,0.0
394,2026-04-24T13:43:07.276Z,S20260424_144242,SC01,AUTO,,25.2587,0.0627,start,0,1500,VIDE,0.0,0.0,0.0,0.0,-0.698132,-0.0,1,0,34.377,25.804,0.0,0.0,0.0,0.0,0.2,2.0,1.0,0.05,1,0.0,0.2,0.0
395,2026-04-24T13:43:07.337Z,S20260424_144242,SC01,AUTO,,25.3197,0.061,start,0,1500,VIDE,0.0,0.0,0.0,0.0,-0.698132,-0.0,1,0,34.377,25.804,0.0,0.0,0.0,0.0,0.2,2.0,1.0,0.05,1,0.0,0.2,0.0
396,2026-04-24T13:43:07.409Z,S20260424_144242,SC01,AUTO,,25.3914,0.0716,start,0,1500,VIDE,0.0,0.0,0.0,0.0,-0.698132,-0.0,1,0,34.377,25.804,0.0,0.0,0.0,0.0,0.2,2.0,1.0,0.05,1,0.0,0.2,0.0
397,2026-04-24T13:43:07.464Z,S20260424_144242,SC01,AUTO,,25.4458,0.0544,start,0,1500,VIDE,0.0,0.0,0.0,0.0,-0.698132,-0.0,1,0,34.377,25.804,0.0,0.0,0.0,0.0,0.2,2.0,1.0,0.05,1,0.0,0.2,0.0
398,2026-04-24T13:43:07.529Z,S20260424_144242,SC01,AUTO,,25.5113,0.0655,start,0,1500,VIDE,0.0,0.0,0.0,0.0,-0.698132,-0.0,1,0,34.377,25.804,0.0,0.0,0.0,0.0,0.2,2.0,1.0,0.05,1,0.0,0.2,0.0
399,2026-04-24T13:43:07.593Z,S20260424_144242,SC01,AUTO,,25.5753,0.064,start,0,1500,VIDE,0.0,0.0,0.0,0.0,-0.698132,-0.0,1,0,34.377,25.804,0.0,0.0,0.0,0.0,0.2,2.0,1.0,0.05,1,0.0,0.2,0.0
400,2026-04-24T13:43:07.656Z,S20260424_144242,SC01,AUTO,,25.6387,0.0635,start,0,1500,VIDE,0.0,0.0,0.0,0.0,-0.698132,-0.0,1,0,34.377,25.804,0.0,0.0,0.0,0.0,0.2,2.0,1.0,0.05,1,0.0,0.2,0.0
401,2026-04-24T13:43:07.713Z,S20260424_144242,SC01,AUTO,,25.6955,0.0567,start,0,1500,VIDE,0.0,0.0,0.0,0.0,-0.698132,-0.0,1,0,34.377,25.804,0.0,0.0,0.0,0.0,0.2,2.0,1.0,0.05,1,0.0,0.2,0.0
402,2026-04-24T13:43:07.777Z,S20260424_144242,SC01,AUTO,,25.7592,0.0638,start,0,1500,VIDE,0.0,0.0,0.0,0.0,-0.698132,-0.0,1,0,34.377,25.804,0.0,0.0,0.0,0.0,0.2,2.0,1.0,0.05,1,0.0,0.2,0.0
403,2026-04-24T13:43:07.837Z,S20260424_144242,SC01,AUTO,,25.8188,0.0596,start,0,1500,VIDE,0.0,0.0,0.0,0.0,-0.698132,-0.0,1,0,34.377,25.804,0.0,0.0,0.0,0.0,0.2,2.0,1.0,0.05,1,0.0,0.2,0.0
404,2026-04-24T13:43:07.908Z,S20260424_144242,SC01,AUTO,,25.89,0.0712,start,0,1500,VIDE,0.0,0.0,0.0,0.0,-0.698132,-0.0,1,0,34.377,25.804,0.0,0.0,0.0,0.0,0.2,2.0,1.0,0.05,1,0.0,0.2,0.0
405,2026-04-24T13:43:07.965Z,S20260424_144242,SC01,AUTO,,25.9473,0.0573,start,0,1500,VIDE,0.0,0.0,0.0,0.0,-0.698132,-0.0,1,0,34.377,25.804,0.0,0.0,0.0,0.0,0.2,2.0,1.0,0.05,1,0.0,0.2,0.0
406,2026-04-24T13:43:09.908Z,S20260424_144242,SC01,AUTO,,27.8903,1.943,start,0,1500,VIDE,0.0,0.0,0.0,0.0,-0.698132,-0.0,1,0,34.377,25.804,0.0,0.0,0.0,0.0,0.2,2.0,1.0,0.05,1,0.0,0.2,0.0
407,2026-04-24T13:43:09.962Z,S20260424_144242,SC01,AUTO,,27.9445,0.0542,start,0,1500,VIDE,0.0,0.0,0.0,0.0,-0.698132,-0.0,1,0,34.377,25.804,0.0,0.0,0.0,0.0,0.2,2.0,1.0,0.05,1,0.0,0.2,0.0
408,2026-04-24T13:43:10.025Z,S20260424_144242,SC01,AUTO,,28.0072,0.0627,start,0,1500,VIDE,0.0,0.0,0.0,0.0,-0.698132,-0.0,1,0,34.377,25.804,0.0,0.0,0.0,0.0,0.2,2.0,1.0,0.05,1,0.0,0.2,0.0
409,2026-04-24T13:43:10.098Z,S20260424_144242,SC01,AUTO,,28.0799,0.0727,start,0,1500,VIDE,0.0,0.0,0.0,0.0,-0.698132,-0.0,1,0,34.377,25.804,0.0,0.0,0.0,0.0,0.2,2.0,1.0,0.05,1,0.0,0.2,0.0
410,2026-04-24T13:43:10.156Z,S20260424_144242,SC01,AUTO,,28.1379,0.058,start,0,1500,VIDE,0.0,0.0,0.0,0.0,-0.698132,-0.0,1,0,34.377,25.804,0.0,0.0,0.0,0.0,0.2,2.0,1.0,0.05,1,0.0,0.2,0.0
411,2026-04-24T13:43:10.216Z,S20260424_144242,SC01,AUTO,,28.1979,0.06,start,0,1500,VIDE,0.0,0.0,0.0,0.0,-0.698132,-0.0,1,0,34.377,25.804,0.0,0.0,0.0,0.0,0.2,2.0,1.0,0.05,1,0.0,0.2,0.0
412,2026-04-24T13:43:10.279Z,S20260424_144242,SC01,AUTO,,28.2616,0.0636,start,0,1500,VIDE,0.0,0.0,0.0,0.0,-0.698132,-0.0,1,0,34.377,25.804,0.0,0.0,0.0,0.0,0.2,2.0,1.0,0.05,1,0.0,0.2,0.0
413,2026-04-24T13:43:10.337Z,S20260424_144242,SC01,AUTO,,28.3189,0.0574,start,0,1500,VIDE,0.0,0.0,0.0,0.0,-0.698132,-0.0,1,0,34.377,25.804,0.0,0.0,0.0,0.0,0.2,2.0,1.0,0.05,1,0.0,0.2,0.0
414,2026-04-24T13:43:10.399Z,S20260424_144242,SC01,AUTO,,28.3815,0.0625,start,0,1500,VIDE,0.0,0.0,0.0,0.0,-0.698132,-0.0,1,0,34.377,25.804,0.0,0.0,0.0,0.0,0.2,2.0,1.0,0.05,1,0.0,0.2,0.0
415,2026-04-24T13:43:10.464Z,S20260424_144242,SC01,AUTO,,28.4462,0.0648,start,0,1500,VIDE,0.0,0.0,0.0,0.0,-0.698132,-0.0,1,0,34.377,25.804,0.0,0.0,0.0,0.0,0.2,2.0,1.0,0.05,1,0.0,0.2,0.0
416,2026-04-24T13:43:10.533Z,S20260424_144242,SC01,AUTO,,28.5155,0.0693,start,0,1500,VIDE,0.0,0.0,0.0,0.0,-0.698132,-0.0,1,0,34.377,25.804,0.0,0.0,0.0,0.0,0.2,2.0,1.0,0.05,1,0.0,0.2,0.0
417,2026-04-24T13:43:10.596Z,S20260424_144242,SC01,AUTO,,28.5786,0.0631,start,0,1500,VIDE,0.0,0.0,0.0,0.0,-0.698132,-0.0,1,0,34.377,25.804,0.0,0.0,0.0,0.0,0.2,2.0,1.0,0.05,1,0.0,0.2,0.0
418,2026-04-24T13:43:10.652Z,S20260424_144242,SC01,AUTO,,28.6342,0.0555,start,0,1500,VIDE,0.0,0.0,0.0,0.0,-0.698132,-0.0,1,0,34.377,25.804,0.0,0.0,0.0,0.0,0.2,2.0,1.0,0.05,1,0.0,0.2,0.0
419,2026-04-24T13:43:10.718Z,S20260424_144242,SC01,AUTO,,28.7007,0.0665,start,0,1500,VIDE,0.0,0.0,0.0,0.0,-0.698132,-0.0,1,0,34.377,25.804,0.0,0.0,0.0,0.0,0.2,2.0,1.0,0.05,1,0.0,0.2,0.0
420,2026-04-24T13:43:10.778Z,S20260424_144242,SC01,AUTO,,28.76,0.0595,start,0,1500,VIDE,0.0,0.0,0.0,0.0,-0.698132,-0.0,1,0,34.377,25.804,0.0,0.0,0.0,0.0,0.2,2.0,1.0,0.05,1,0.0,0.2,0.0
421,2026-04-24T13:43:10.837Z,S20260424_144242,SC01,AUTO,,28.8193,0.0593,start,0,1500,VIDE,0.0,0.0,0.0,0.0,-0.698132,-0.0,1,0,34.377,25.804,0.0,0.0,0.0,0.0,0.2,2.0,1.0,0.05,1,0.0,0.2,0.0
422,2026-04-24T13:43:10.908Z,S20260424_144242,SC01,AUTO,,28.8908,0.0714,start,0,1500,VIDE,0.0,0.0,0.0,0.0,-0.698132,-0.0,1,0,34.377,25.804,0.0,0.0,0.0,0.0,0.2,2.0,1.0,0.05,1,0.0,0.2,0.0
423,2026-04-24T13:43:10.968Z,S20260424_144242,SC01,AUTO,,28.9503,0.0596,start,0,1500,VIDE,0.0,0.0,0.0,0.0,-0.698132,-0.0,1,0,34.377,25.804,0.0,0.0,0.0,0.0,0.2,2.0,1.0,0.05,1,0.0,0.2,0.0
424,2026-04-24T13:43:11.031Z,S20260424_144242,SC01,AUTO,,29.0136,0.0633,start,0,1500,VIDE,0.0,0.0,0.0,0.0,-0.698132,-0.0,1,0,34.377,25.804,0.0,0.0,0.0,0.0,0.2,2.0,1.0,0.05,1,0.0,0.2,0.0
425,2026-04-24T13:43:11.092Z,S20260424_144242,SC01,AUTO,,29.0744,0.0608,start,0,1500,VIDE,0.0,0.0,0.0,0.0,-0.698132,-0.0,1,0,34.377,25.804,0.0,0.0,0.0,0.0,0.2,2.0,1.0,0.05,1,0.0,0.2,0.0
426,2026-04-24T13:43:11.158Z,S20260424_144242,SC01,AUTO,,29.1403,0.0658,start,0,1500,VIDE,0.0,0.0,0.0,0.0,-0.698132,-0.0,1,0,34.377,25.804,0.0,0.0,0.0,0.0,0.2,2.0,1.0,0.05,1,0.0,0.2,0.0
427,2026-04-24T13:43:11.216Z,S20260424_144242,SC01,AUTO,,29.1983,0.0581,start,0,1500,VIDE,0.0,0.0,0.0,0.0,-0.698132,-0.0,1,0,34.377,25.804,0.0,0.0,0.0,0.0,0.2,2.0,1.0,0.05,1,0.0,0.2,0.0
428,2026-04-24T13:43:11.277Z,S20260424_144242,SC01,AUTO,,29.2591,0.0608,start,0,1500,VIDE,0.0,0.0,0.0,0.0,-0.698132,-0.0,1,0,34.377,25.804,0.0,0.0,0.0,0.0,0.2,2.0,1.0,0.05,1,0.0,0.2,0.0
429,2026-04-24T13:43:11.338Z,S20260424_144242,SC01,AUTO,,29.3201,0.061,start,0,1500,VIDE,0.0,0.0,0.0,0.0,-0.698132,-0.0,1,0,34.377,25.804,0.0,0.0,0.0,0.0,0.2,2.0,1.0,0.05,1,0.0,0.2,0.0
430,2026-04-24T13:43:11.400Z,S20260424_144242,SC01,AUTO,,29.3826,0.0626,start,0,1500,VIDE,0.0,0.0,0.0,0.0,-0.698132,-0.0,1,0,34.377,25.804,0.0,0.0,0.0,0.0,0.2,2.0,1.0,0.05,1,0.0,0.2,0.0
431,2026-04-24T13:43:11.467Z,S20260424_144242,SC01,AUTO,,29.449,0.0663,start,0,1500,VIDE,0.0,0.0,0.0,0.0,-0.698132,-0.0,1,0,34.377,25.804,0.0,0.0,0.0,0.0,0.2,2.0,1.0,0.05,1,0.0,0.2,0.0
432,2026-04-24T13:43:11.529Z,S20260424_144242,SC01,AUTO,,29.5114,0.0623,start,0,1500,VIDE,0.0,0.0,0.0,0.0,-0.698132,-0.0,1,0,34.377,25.804,0.0,0.0,0.0,0.0,0.2,2.0,1.0,0.05,1,0.0,0.2,0.0
433,2026-04-24T13:43:11.591Z,S20260424_144242,SC01,AUTO,,29.573,0.0617,start,0,1500,VIDE,0.0,0.0,0.0,0.0,-0.698132,-0.0,1,0,34.377,25.804,0.0,0.0,0.0,0.0,0.2,2.0,1.0,0.05,1,0.0,0.2,0.0
434,2026-04-24T13:43:11.649Z,S20260424_144242,SC01,AUTO,,29.6311,0.0581,start,0,1500,VIDE,0.0,0.0,0.0,0.0,-0.698132,-0.0,1,0,34.377,25.804,0.0,0.0,0.0,0.0,0.2,2.0,1.0,0.05,1,0.0,0.2,0.0
435,2026-04-24T13:43:11.711Z,S20260424_144242,SC01,AUTO,,29.6937,0.0626,start,0,1500,VIDE,0.0,0.0,0.0,0.0,-0.698132,-0.0,1,0,34.377,25.804,0.0,0.0,0.0,0.0,0.2,2.0,1.0,0.05,1,0.0,0.2,0.0
436,2026-04-24T13:43:11.777Z,S20260424_144242,SC01,AUTO,,29.7597,0.066,start,0,1500,VIDE,0.0,0.0,0.0,0.0,-0.698132,-0.0,1,0,34.377,25.804,0.0,0.0,0.0,0.0,0.2,2.0,1.0,0.05,1,0.0,0.2,0.0
437,2026-04-24T13:43:11.837Z,S20260424_144242,SC01,AUTO,,29.8194,0.0597,start,0,1500,VIDE,0.0,0.0,0.0,0.0,-0.698132,0.0,1,0,29794.36,29759.983,0.0,0.0,0.0,0.0,0.2,2.0,1.0,0.05,1,0.0,0.2,0.0
438,2026-04-24T13:43:11.898Z,S20260424_144242,SC01,AUTO,,29.8805,0.0611,start,0,1500,VIDE,0.0,0.0,0.0,0.0,-0.698132,-0.0,1,0,5580.603,2.245,0.0,0.0,0.0,0.0,0.2,2.0,1.0,0.05,1,0.0,0.2,0.0
439,2026-04-24T13:43:11.964Z,S20260424_144242,SC01,AUTO,,29.946,0.0654,start,0,1500,VIDE,0.0,0.0,0.0,0.0,-0.698132,0.0,1,0,5539.317,19.434,0.0,0.0,0.0,0.0,0.2,2.0,1.0,0.05,1,0.0,0.2,0.0
440,2026-04-24T13:43:12.026Z,S20260424_144242,SC01,AUTO,,30.0083,0.0624,start,0,1500,VIDE,0.0,0.0,0.0,0.0,-0.698132,0.0,1,0,5500.579,20.487,0.0,0.0,0.0,0.0,0.2,2.0,1.0,0.05,1,0.0,0.2,0.0
441,2026-04-24T13:43:12.088Z,S20260424_144242,SC01,AUTO,,30.0706,0.0623,start,0,1500,VIDE,0.0,0.0,0.0,0.0,-0.698132,0.0,1,0,5440.775,19.463,0.0,0.0,0.0,0.0,0.2,2.0,1.0,0.05,1,0.0,0.2,0.0
442,2026-04-24T13:43:12.148Z,S20260424_144242,SC01,AUTO,,30.1307,0.0601,start,0,1500,VIDE,0.0,0.0,0.0,0.0,-0.698132,0.0,1,0,5385.493,19.59,0.0,0.0,0.0,0.0,0.2,2.0,1.0,0.05,1,0.0,0.2,0.0
443,2026-04-24T13:43:12.215Z,S20260424_144242,SC01,AUTO,,30.1975,0.0669,start,0,1500,VIDE,0.0,0.0,0.0,0.0,-0.698132,0.0,1,0,5329.952,19.4,0.0,0.0,0.0,0.0,0.2,2.0,1.0,0.05,1,0.0,0.2,0.0
444,2026-04-24T13:43:12.276Z,S20260424_144242,SC01,AUTO,,30.2581,0.0605,start,0,1500,VIDE,0.0,0.0,0.0,0.0,-0.698132,0.0,1,0,5316.985,11.566,0.0,0.0,0.0,0.0,0.2,2.0,1.0,0.05,1,0.0,0.2,0.0
445,2026-04-24T13:43:12.337Z,S20260424_144242,SC01,AUTO,,30.3198,0.0617,start,0,1500,VIDE,0.0,0.0,0.0,0.0,-0.698132,-0.0,1,0,5257.878,19.647,0.0,0.0,0.0,0.0,0.2,2.0,1.0,0.05,1,0.0,0.2,0.0
446,2026-04-24T13:43:12.399Z,S20260424_144242,SC01,AUTO,,30.3814,0.0616,start,0,1500,VIDE,0.0,0.0,0.0,0.0,-0.698132,-0.0,1,0,5216.082,17.982,0.0,0.0,0.0,0.0,0.2,2.0,1.0,0.05,1,0.0,0.2,0.0
447,2026-04-24T13:43:12.463Z,S20260424_144242,SC01,AUTO,,30.445,0.0636,start,0,1500,VIDE,0.0,0.0,0.0,0.0,-0.698132,0.0,1,0,5196.81,17.894,0.0,0.0,0.0,0.0,0.2,2.0,1.0,0.05,1,0.0,0.2,0.0
448,2026-04-24T13:43:12.525Z,S20260424_144242,SC01,AUTO,,30.507,0.062,start,0,1500,VIDE,0.0,0.0,0.0,0.0,-0.698132,0.0,1,0,5154.892,18.695,0.0,0.0,0.0,0.0,0.2,2.0,1.0,0.05,1,0.0,0.2,0.0
449,2026-04-24T13:43:12.586Z,S20260424_144242,SC01,AUTO,,30.5687,0.0617,start,0,1500,VIDE,0.0,0.0,0.0,0.0,-0.698132,-0.0,1,0,5144.845,19.928,0.0,0.0,0.0,0.0,0.2,2.0,1.0,0.05,1,0.0,0.2,0.0
450,2026-04-24T13:43:12.651Z,S20260424_144242,SC01,AUTO,,30.6332,0.0646,start,0,1500,VIDE,0.0,0.0,0.0,0.0,-0.698132,-0.0,1,0,5104.55,18.961,0.0,0.0,0.0,0.0,0.2,2.0,1.0,0.05,1,0.0,0.2,0.0
451,2026-04-24T13:43:12.713Z,S20260424_144242,SC01,AUTO,,30.6951,0.0619,start,0,1500,VIDE,0.0,0.0,0.0,0.0,-0.698132,0.0,1,0,5086.409,20.72,0.0,0.0,0.0,0.0,0.2,2.0,1.0,0.05,1,0.0,0.2,0.0
452,2026-04-24T13:43:12.775Z,S20260424_144242,SC01,AUTO,,30.757,0.0619,start,0,1500,VIDE,0.0,0.0,0.0,0.0,-0.698132,0.0,1,0,5048.598,20.165,0.0,0.0,0.0,0.0,0.2,2.0,1.0,0.05,1,0.0,0.2,0.0
453,2026-04-24T13:43:12.836Z,S20260424_144242,SC01,AUTO,,30.8187,0.0616,start,0,1500,VIDE,0.0,0.0,0.0,0.0,-0.698132,-0.0,1,0,5028.91,20.105,0.0,0.0,0.0,0.0,0.2,2.0,1.0,0.05,1,0.0,0.2,0.0
454,2026-04-24T13:43:12.899Z,S20260424_144242,SC01,AUTO,0.0015,30.8812,0.0626,start,1,1500,VIDE,0.0,0.0,0.0,0.0,-0.698132,-0.0,1,0,4992.304,19.566,0.0,0.0,0.0,0.0,0.2,2.0,1.0,0.05,1,0.0,0.2,0.0
455,2026-04-24T13:43:12.968Z,S20260424_144242,SC01,AUTO,0.0702,30.9499,0.0686,start,1,1500,VIDE,0.0,0.0,0.0,0.0,-0.698132,0.0,1,0,4975.42,19.092,0.0,0.0,0.0,0.0,0.2,2.0,1.0,0.05,1,0.0,0.2,0.0
456,2026-04-24T13:43:13.037Z,S20260424_144242,SC01,AUTO,0.1399,31.0196,0.0697,start,1,1500,VIDE,0.0,0.0,0.0,0.0,-0.698132,0.0,1,0,3073.704,18.938,0.0,0.0,0.0,0.0,0.2,2.0,1.0,0.05,1,0.0,0.2,0.0
457,2026-04-24T13:43:13.096Z,S20260424_144242,SC01,AUTO,0.1991,31.0787,0.0592,start,1,1500,VIDE,0.0,0.0,0.0,0.0,-0.698132,0.0,1,0,3026.139,19.207,0.0,0.0,0.0,0.0,0.2,2.0,1.0,0.05,1,0.0,0.2,0.0
458,2026-04-24T13:43:13.150Z,S20260424_144242,SC01,AUTO,0.2525,31.1322,0.0534,start,1,1500,VIDE,0.0,0.0,0.0,0.0,-0.698132,0.0,1,0,3012.336,11.514,0.0,0.0,0.0,0.0,0.2,2.0,1.0,0.05,1,0.0,0.2,0.0
459,2026-04-24T13:43:13.211Z,S20260424_144242,SC01,AUTO,0.3139,31.1935,0.0613,start,1,1500,VIDE,0.0,0.0,0.0,0.0,-0.698132,-0.0,1,0,2948.952,13.444,0.0,0.0,0.0,0.0,0.2,2.0,1.0,0.05,1,0.0,0.2,0.0
460,2026-04-24T13:43:13.275Z,S20260424_144242,SC01,AUTO,0.3776,31.2572,0.0637,start,1,1500,VIDE,0.0,0.0,0.0,0.0,-0.698132,-0.0,1,0,2899.997,19.523,0.0,0.0,0.0,0.0,0.2,2.0,1.0,0.05,1,0.0,0.2,0.0
461,2026-04-24T13:43:13.337Z,S20260424_144242,SC01,AUTO,0.4397,31.3194,0.0621,start,1,1500,VIDE,0.0,0.0,0.0,0.0,-0.698132,-0.0,1,0,2850.375,18.704,0.0,0.0,0.0,0.0,0.2,2.0,1.0,0.05,1,0.0,0.2,0.0
462,2026-04-24T13:43:13.399Z,S20260424_144242,SC01,AUTO,0.5013,31.381,0.0617,start,1,1500,VIDE,0.0,0.0,0.0,0.0,-0.698132,0.0,1,0,2824.748,22.371,0.0,0.0,0.0,0.0,0.2,2.0,1.0,0.05,1,0.0,0.2,0.0
463,2026-04-24T13:43:13.466Z,S20260424_144242,SC01,AUTO,0.569,31.4486,0.0676,start,1,1500,VIDE,0.0,0.0,0.0,0.0,-0.698132,0.0,1,0,2774.125,28.005,0.0,0.0,0.0,0.0,0.2,2.0,1.0,0.05,1,0.0,0.2,0.0
464,2026-04-24T13:43:13.530Z,S20260424_144242,SC01,AUTO,0.6328,31.5125,0.0639,start,1,1500,VIDE,0.0,0.0,0.0,0.0,-0.698132,0.0,1,0,2735.43,19.147,0.0,0.0,0.0,0.0,0.2,2.0,1.0,0.05,1,0.0,0.2,0.0
465,2026-04-24T13:43:13.595Z,S20260424_144242,SC01,AUTO,0.6979,31.5775,0.065,start,1,1500,VIDE,0.0,0.0,0.0,0.0,-0.698132,0.0,1,0,2688.077,19.531,0.0,0.0,0.0,0.0,0.2,2.0,1.0,0.05,1,0.0,0.2,0.0
466,2026-04-24T13:43:13.651Z,S20260424_144242,SC01,AUTO,0.7535,31.6331,0.0556,start,1,1500,VIDE,0.0,0.0,0.0,0.0,-0.698132,-0.0,1,0,2664.844,19.353,0.0,0.0,0.0,0.0,0.2,2.0,1.0,0.05,1,0.0,0.2,0.0
467,2026-04-24T13:43:13.714Z,S20260424_144242,SC01,AUTO,0.8168,31.6964,0.0634,start,1,1500,VIDE,0.0,0.0,0.0,0.0,-0.698132,-0.0,1,0,2617.735,18.943,0.0,0.0,0.0,0.0,0.2,2.0,1.0,0.05,1,0.0,0.2,0.0
468,2026-04-24T13:43:13.778Z,S20260424_144242,SC01,AUTO,0.8802,31.7598,0.0634,start,1,1500,VIDE,0.0,0.0,0.0,0.0,-0.698132,-0.0,1,0,2568.022,20.141,0.0,0.0,0.0,0.0,0.2,2.0,1.0,0.05,1,0.0,0.2,0.0
469,2026-04-24T13:43:13.838Z,S20260424_144242,SC01,AUTO,0.9402,31.8199,0.06,start,1,1500,VIDE,0.0,0.0,0.0,0.0,-0.698132,0.0,1,0,2545.366,20.15,0.0,0.0,0.0,0.0,0.2,2.0,1.0,0.05,1,0.0,0.2,0.0
470,2026-04-24T13:43:13.898Z,S20260424_144242,SC01,AUTO,1.0009,31.8805,0.0607,start,1,1500,VIDE,0.0,0.0,0.0,0.0,-0.698132,0.0,1,0,2498.664,19.642,0.0,0.0,0.0,0.0,0.2,2.0,1.0,0.05,1,0.0,0.2,0.0
471,2026-04-24T13:43:13.962Z,S20260424_144242,SC01,AUTO,1.0647,31.9444,0.0639,start,1,1500,VIDE,0.0,0.0,0.0,0.0,-0.698132,0.0,1,0,2449.467,19.443,0.0,0.0,0.0,0.0,0.2,2.0,1.0,0.05,1,0.0,0.2,0.0
472,2026-04-24T13:43:14.027Z,S20260424_144242,SC01,AUTO,1.1299,32.0095,0.0652,start,1,1500,VIDE,0.0,0.0,0.0,0.0,-0.698132,0.0,1,0,2403.082,19.846,0.0,0.0,0.0,0.0,0.2,2.0,1.0,0.05,1,0.0,0.2,0.0
473,2026-04-24T13:43:14.090Z,S20260424_144242,SC01,AUTO,1.1926,32.0722,0.0627,start,1,1500,VIDE,0.0,0.0,0.0,0.0,-0.698132,-0.0,1,0,2379.833,20.499,0.0,0.0,0.0,0.0,0.2,2.0,1.0,0.05,1,0.0,0.2,0.0
474,2026-04-24T13:43:14.148Z,S20260424_144242,SC01,AUTO,1.2511,32.1307,0.0585,start,1,1500,VIDE,0.0,0.0,0.0,0.0,-0.698132,0.0,1,0,2356.345,19.063,0.0,0.0,0.0,0.0,0.2,2.0,1.0,0.05,1,0.0,0.2,0.0
475,2026-04-24T13:43:14.214Z,S20260424_144242,SC01,AUTO,1.3169,32.1966,0.0659,start,1,1500,VIDE,0.0,0.0,0.0,0.0,-0.698132,-0.0,2,0,2289.526,19.335,0.0,0.0,0.0,0.0,0.2,2.0,1.0,0.05,1,0.0,0.2,0.0
476,2026-04-24T13:43:14.277Z,S20260424_144242,SC01,AUTO,1.3794,32.2591,0.0625,start,1,1500,VIDE,0.0,0.0,0.0,0.0,-0.698132,-0.0,2,0,2237.95,19.797,0.0,0.0,0.0,0.0,0.2,2.0,1.0,0.05,1,0.0,0.2,0.0
477,2026-04-24T13:43:14.337Z,S20260424_144242,SC01,AUTO,1.4395,32.3192,0.0601,start,1,1500,VIDE,0.0,0.0,0.0,0.0,-0.698132,0.0,2,0,2211.759,18.855,0.0,0.0,0.0,0.0,0.2,2.0,1.0,0.05,1,0.0,0.2,0.0
478,2026-04-24T13:43:14.399Z,S20260424_144242,SC01,AUTO,1.5014,32.3811,0.0619,start,1,1500,VIDE,0.0,0.0,0.0,0.0,-0.698132,0.0,2,0,2152.023,23.884,0.0,0.0,0.0,0.0,0.2,2.0,1.0,0.05,1,0.0,0.2,0.0
479,2026-04-24T13:43:14.465Z,S20260424_144242,SC01,AUTO,1.5677,32.4474,0.0663,start,1,1500,VIDE,0.0,0.0,0.0,0.0,-0.698132,0.0,2,0,2104.336,19.981,0.0,0.0,0.0,0.0,0.2,2.0,1.0,0.05,1,0.0,0.2,0.0
480,2026-04-24T13:43:14.531Z,S20260424_144242,SC01,AUTO,1.6337,32.5134,0.066,start,1,1500,VIDE,0.0,0.0,0.0,0.0,-0.698132,0.0,2,0,2048.872,19.545,0.0,0.0,0.0,0.0,0.2,2.0,1.0,0.05,1,0.0,0.2,0.0
481,2026-04-24T13:43:14.587Z,S20260424_144242,SC01,AUTO,1.6893,32.569,0.0556,start,1,1500,VIDE,0.0,0.0,0.0,0.0,-0.698132,0.0,2,0,1994.617,19.264,0.0,0.0,0.0,0.0,0.2,2.0,1.0,0.05,1,0.0,0.2,0.0
482,2026-04-24T13:43:14.650Z,S20260424_144242,SC01,AUTO,1.7527,32.6323,0.0633,start,1,1500,VIDE,0.0,0.0,0.0,0.0,-0.698132,0.0,2,0,1940.174,19.5,0.0,0.0,0.0,0.0,0.2,2.0,1.0,0.05,1,0.0,0.2,0.0
483,2026-04-24T13:43:14.715Z,S20260424_144242,SC01,AUTO,1.8177,32.6974,0.065,start,1,1500,VIDE,0.0,0.0,0.0,0.0,-0.698132,0.0,2,0,1888.413,18.798,0.0,0.0,0.0,0.0,0.2,2.0,1.0,0.05,1,0.0,0.2,0.0
484,2026-04-24T13:43:14.777Z,S20260424_144242,SC01,AUTO,1.8799,32.7596,0.0622,start,1,1500,VIDE,0.0,0.0,0.0,0.0,-0.698132,0.0,2,0,1832.441,18.996,0.0,0.0,0.0,0.0,0.2,2.0,1.0,0.05,1,0.0,0.2,0.0
485,2026-04-24T13:43:14.837Z,S20260424_144242,SC01,AUTO,1.9399,32.8196,0.0599,start,1,1500,VIDE,0.0,0.0,0.0,0.0,-0.698132,0.0,2,0,1779.79,17.366,0.0,0.0,0.0,0.0,0.2,2.0,1.0,0.05,1,0.0,0.2,0.0
486,2026-04-24T13:43:14.901Z,S20260424_144242,SC01,AUTO,2.0034,32.8831,0.0636,start,1,1500,VIDE,0.0,0.0,0.0,0.0,-0.698132,-0.0,2,0,1753.517,18.585,0.0,0.0,0.0,0.0,0.2,2.0,1.0,0.05,1,0.0,0.2,0.0
487,2026-04-24T13:43:14.966Z,S20260424_144242,SC01,AUTO,2.0689,32.9486,0.0655,start,1,1500,VIDE,0.0,0.0,0.0,0.0,-0.698132,-0.0,2,0,1698.391,16.572,0.0,0.0,0.0,0.0,0.2,2.0,1.0,0.05,1,0.0,0.2,0.0
488,2026-04-24T13:43:15.040Z,S20260424_144242,SC01,AUTO,2.1422,33.0218,0.0733,start,1,1500,VIDE,0.0,0.0,0.0,0.0,-0.698132,-0.0,2,0,1618.577,19.429,0.0,0.0,0.0,0.0,0.2,2.0,1.0,0.05,1,0.0,0.2,0.0
489,2026-04-24T13:43:15.092Z,S20260424_144242,SC01,AUTO,2.1945,33.0742,0.0524,start,1,1500,VIDE,0.0,0.0,0.0,0.0,-0.698132,-0.0,2,0,1592.205,19.17,0.0,0.0,0.0,0.0,0.2,2.0,1.0,0.05,1,0.0,0.2,0.0
490,2026-04-24T13:43:15.153Z,S20260424_144242,SC01,AUTO,2.2555,33.1352,0.061,start,1,1500,VIDE,0.0,0.0,0.0,0.0,-0.698132,-0.0,2,0,1536.506,24.55,0.0,0.0,0.0,0.0,0.2,2.0,1.0,0.05,1,0.0,0.2,0.0
491,2026-04-24T13:43:15.215Z,S20260424_144242,SC01,AUTO,2.3176,33.1973,0.0621,start,1,1500,VIDE,0.0,0.0,0.0,0.0,-0.698132,-0.0,2,0,1480.941,25.675,0.0,0.0,0.0,0.0,0.2,2.0,1.0,0.05,1,0.0,0.2,0.0
492,2026-04-24T13:43:15.275Z,S20260424_144242,SC01,AUTO,2.3776,33.2573,0.0599,start,1,1500,VIDE,0.0,0.0,0.0,0.0,-0.698132,-0.0,2,0,1434.332,18.986,0.0,0.0,0.0,0.0,0.2,2.0,1.0,0.05,1,0.0,0.2,0.0
493,2026-04-24T13:43:15.337Z,S20260424_144242,SC01,AUTO,2.4399,33.3196,0.0623,start,1,1500,VIDE,0.0,0.0,0.0,0.0,-0.698132,0.0,2,0,1409.062,19.697,0.0,0.0,0.0,0.0,0.2,2.0,1.0,0.05,1,0.0,0.2,0.0
494,2026-04-24T13:43:15.402Z,S20260424_144242,SC01,AUTO,2.5047,33.3844,0.0648,start,1,1500,VIDE,0.0,0.0,0.0,0.0,-0.698132,0.0,2,0,1360.397,19.112,0.0,0.0,0.0,0.0,0.2,2.0,1.0,0.05,1,0.0,0.2,0.0
495,2026-04-24T13:43:15.464Z,S20260424_144242,SC01,AUTO,2.5666,33.4463,0.0619,start,1,1500,VIDE,0.0,0.0,0.0,0.0,-0.698132,-0.0,2,0,1307.418,20.012,0.0,0.0,0.0,0.0,0.2,2.0,1.0,0.05,1,0.0,0.2,0.0
496,2026-04-24T13:43:15.525Z,S20260424_144242,SC01,AUTO,2.6274,33.5071,0.0608,start,1,1500,VIDE,0.0,0.0,0.0,0.0,-0.698132,-0.0,2,0,1254.348,19.568,0.0,0.0,0.0,0.0,0.2,2.0,1.0,0.05,1,0.0,0.2,0.0
497,2026-04-24T13:43:15.595Z,S20260424_144242,SC01,AUTO,2.6973,33.577,0.07,start,1,1500,VIDE,0.0,0.0,0.0,0.0,-0.698132,0.0,2,0,1203.63,18.825,0.0,0.0,0.0,0.0,0.2,2.0,1.0,0.05,1,0.0,0.2,0.0
498,2026-04-24T13:43:15.650Z,S20260424_144242,SC01,AUTO,2.7521,33.6318,0.0548,start,1,1500,VIDE,0.0,0.0,0.0,0.0,-0.698132,0.0,2,0,1147.364,19.43,0.0,0.0,0.0,0.0,0.2,2.0,1.0,0.05,1,0.0,0.2,0.0
499,2026-04-24T13:43:15.715Z,S20260424_144242,SC01,AUTO,2.8178,33.6975,0.0657,start,1,1500,VIDE,0.0,0.0,0.0,0.0,-0.698132,0.0,2,0,1093.862,19.123,0.0,0.0,0.0,0.0,0.2,2.0,1.0,0.05,1,0.0,0.2,0.0
500,2026-04-24T13:43:15.777Z,S20260424_144242,SC01,AUTO,2.8799,33.7595,0.062,start,1,1500,VIDE,0.0,0.0,0.0,0.0,-0.698132,0.0,2,0,1078.395,10.788,0.0,0.0,0.0,0.0,0.2,2.0,1.0,0.05,1,0.0,0.2,0.0
501,2026-04-24T13:43:15.837Z,S20260424_144242,SC01,AUTO,2.9394,33.819,0.0595,start,1,1500,VIDE,0.0,0.0,0.0,0.0,-0.698132,-0.0,2,0,1013.325,19.063,0.0,0.0,0.0,0.0,0.2,2.0,1.0,0.05,1,0.0,0.2,0.0
502,2026-04-24T13:43:15.898Z,S20260424_144242,SC01,AUTO,3.0006,33.8803,0.0612,start,1,1500,VIDE,0.0,0.0,0.0,0.0,-0.698132,0.0,2,0,958.988,19.44,0.0,0.0,0.0,0.0,0.2,2.0,1.0,0.05,1,0.0,0.2,0.0
503,2026-04-24T13:43:15.962Z,S20260424_144242,SC01,AUTO,3.0647,33.9444,0.064,start,1,1500,VIDE,0.0,0.0,0.0,0.0,-0.698132,0.0,2,0,903.119,23.93,0.0,0.0,0.0,0.0,0.2,2.0,1.0,0.05,1,0.0,0.2,0.0
504,2026-04-24T13:43:16.032Z,S20260424_144242,SC01,AUTO,3.135,34.0147,0.0704,start,1,1500,VIDE,0.0,0.0,0.0,0.0,-0.698132,-0.0,2,0,849.717,21.594,0.0,0.0,0.0,0.0,0.2,2.0,1.0,0.05,1,0.0,0.2,0.0
505,2026-04-24T13:43:16.090Z,S20260424_144242,SC01,AUTO,3.1929,34.0726,0.058,start,1,1500,VIDE,0.0,0.0,0.0,0.0,-0.698132,-0.0,2,0,793.446,23.629,0.0,0.0,0.0,0.0,0.2,2.0,1.0,0.05,1,0.0,0.2,0.0
506,2026-04-24T13:43:16.154Z,S20260424_144242,SC01,AUTO,3.2567,34.1364,0.0638,start,1,1500,VIDE,0.0,0.0,0.0,0.0,-0.698132,-0.0,2,0,745.643,19.034,0.0,0.0,0.0,0.0,0.2,2.0,1.0,0.05,1,0.0,0.2,0.0
507,2026-04-24T13:43:16.214Z,S20260424_144242,SC01,AUTO,3.3166,34.1963,0.0599,start,1,1500,VIDE,0.0,0.0,0.0,0.0,-0.698132,-0.0,2,0,694.797,19.105,0.0,0.0,0.0,0.0,0.2,2.0,1.0,0.05,1,0.0,0.2,0.0
508,2026-04-24T13:43:16.277Z,S20260424_144242,SC01,AUTO,3.3796,34.2593,0.063,start,1,1500,VIDE,0.0,0.0,0.0,0.0,-0.698132,0.0,2,0,668.144,19.411,0.0,0.0,0.0,0.0,0.2,2.0,1.0,0.05,1,0.0,0.2,0.0
509,2026-04-24T13:43:16.337Z,S20260424_144242,SC01,AUTO,3.4396,34.3193,0.0599,start,1,1500,VIDE,0.0,0.0,0.0,0.0,-0.698132,0.0,2,0,624.593,19.03,0.0,0.0,0.0,0.0,0.2,2.0,1.0,0.05,1,0.0,0.2,0.0
510,2026-04-24T13:43:16.407Z,S20260424_144242,SC01,AUTO,3.5098,34.3894,0.0701,start,1,1500,VIDE,0.0,0.0,0.0,0.0,-0.698132,-0.0,2,0,570.614,19.136,0.0,0.0,0.0,0.0,0.2,2.0,1.0,0.05,1,0.0,0.2,0.0
511,2026-04-24T13:43:16.465Z,S20260424_144242,SC01,AUTO,3.5676,34.4473,0.058,start,1,1500,VIDE,0.0,0.0,0.0,0.0,-0.698132,-0.0,2,0,517.847,19.479,0.0,0.0,0.0,0.0,0.2,2.0,1.0,0.05,1,0.0,0.2,0.0
512,2026-04-24T13:43:16.530Z,S20260424_144242,SC01,AUTO,3.633,34.5127,0.0653,start,1,1500,VIDE,0.0,0.0,0.0,0.0,-0.698132,0.0,2,0,465.945,16.087,0.0,0.0,0.0,0.0,0.2,2.0,1.0,0.05,1,0.0,0.2,0.0
513,2026-04-24T13:43:16.587Z,S20260424_144242,SC01,AUTO,3.6895,34.5692,0.0566,start,1,1500,VIDE,0.0,0.0,0.0,0.0,-0.698132,-0.0,2,0,450.027,11.704,0.0,0.0,0.0,0.0,0.2,2.0,1.0,0.05,1,0.0,0.2,0.0
514,2026-04-24T13:43:16.651Z,S20260424_144242,SC01,AUTO,3.7532,34.6329,0.0637,start,1,1500,VIDE,0.0,0.0,0.0,0.0,-0.698132,-0.0,2,0,383.344,15.913,0.0,0.0,0.0,0.0,0.2,2.0,1.0,0.05,1,0.0,0.2,0.0
515,2026-04-24T13:43:16.714Z,S20260424_144242,SC01,AUTO,3.8169,34.6966,0.0637,start,1,1500,VIDE,0.0,0.0,0.0,0.0,-0.698132,-0.0,2,0,331.554,19.371,0.0,0.0,0.0,0.0,0.2,2.0,1.0,0.05,1,0.0,0.2,0.0
516,2026-04-24T13:43:16.777Z,S20260424_144242,SC01,AUTO,3.8796,34.7592,0.0626,start,1,1500,VIDE,0.0,0.0,0.0,0.0,-0.698132,-0.0,2,0,276.684,20.236,0.0,0.0,0.0,0.0,0.2,2.0,1.0,0.05,1,0.0,0.2,0.0
517,2026-04-24T13:43:16.837Z,S20260424_144242,SC01,AUTO,3.9396,34.8193,0.0601,start,1,1500,VIDE,0.0,0.0,0.0,0.0,-0.698132,-0.0,2,0,223.881,19.111,0.0,0.0,0.0,0.0,0.2,2.0,1.0,0.05,1,0.0,0.2,0.0
518,2026-04-24T13:43:16.904Z,S20260424_144242,SC01,AUTO,4.0065,34.8862,0.0668,start,1,1500,VIDE,0.0,0.0,0.0,0.0,-0.698132,-0.0,2,0,168.443,24.221,0.0,0.0,0.0,0.0,0.2,2.0,1.0,0.05,1,0.0,0.2,0.0
519,2026-04-24T13:43:16.960Z,S20260424_144242,SC01,AUTO,4.0631,34.9427,0.0566,start,1,1500,VIDE,0.0,0.0,0.0,0.0,-0.698132,0.0,2,0,139.89,18.824,0.0,0.0,0.0,0.0,0.2,2.0,1.0,0.05,1,0.0,0.2,0.0
520,2026-04-24T13:43:17.028Z,S20260424_144242,SC01,AUTO,4.1306,35.0103,0.0674,start,1,1500,VIDE,0.0,0.0,0.0,0.0,-0.698132,-0.0,1,0,66.618,20.624,0.0,0.0,0.0,0.0,0.2,2.0,1.0,0.05,1,0.0,0.2,0.0
521,2026-04-24T13:43:17.088Z,S20260424_144242,SC01,AUTO,4.1903,35.07,0.0598,start,1,1500,VIDE,0.0,0.0,0.0,0.0,-0.698132,0.0,1,0,41.153,19.857,0.0,0.0,0.0,0.0,0.2,2.0,1.0,0.05,1,0.0,0.2,0.0
522,2026-04-24T13:43:17.150Z,S20260424_144242,SC01,AUTO,4.2524,35.132,0.0621,start,1,1500,VIDE,0.0,0.0,0.0,0.0,-0.698132,0.0,1,0,30.156,19.542,0.0,0.0,0.0,0.0,0.2,2.0,1.0,0.05,1,0.0,0.2,0.0
523,2026-04-24T13:43:17.210Z,S20260424_144242,SC01,AUTO,4.3127,35.1924,0.0604,start,1,1500,VIDE,0.0,0.0,0.0,0.0,-0.698132,0.0,1,0,14.008,19.77,0.0,0.0,0.0,0.0,0.2,2.0,1.0,0.05,1,0.0,0.2,0.0
524,2026-04-24T13:43:17.274Z,S20260424_144242,SC01,AUTO,4.3764,35.2561,0.0637,start,1,1500,VIDE,0.0,0.0,0.0,0.0,-0.698132,0.0,1,0,26.846,17.899,0.0,0.0,0.0,0.0,0.2,2.0,1.0,0.05,1,0.0,0.2,0.0
525,2026-04-24T13:43:17.338Z,S20260424_144242,SC01,AUTO,4.4403,35.32,0.0639,start,1,1500,VIDE,0.0,0.0,0.0,0.0,-0.698132,0.0,1,0,18.933,19.48,0.0,0.0,0.0,0.0,0.2,2.0,1.0,0.05,1,0.0,0.2,0.0
526,2026-04-24T13:43:17.399Z,S20260424_144242,SC01,AUTO,4.502,35.3816,0.0616,start,1,1500,VIDE,0.0,0.0,0.0,0.0,-0.698132,-0.0,1,0,31.902,21.537,0.0,0.0,0.0,0.0,0.2,2.0,1.0,0.05,1,0.0,0.2,0.0
527,2026-04-24T13:43:17.463Z,S20260424_144242,SC01,AUTO,4.5653,35.445,0.0634,start,1,1500,VIDE,0.0,0.0,0.0,0.0,-0.698132,-0.0,1,0,31.935,18.533,0.0,0.0,0.0,0.0,0.2,2.0,1.0,0.05,1,0.0,0.2,0.0
528,2026-04-24T13:43:17.527Z,S20260424_144242,SC01,AUTO,4.6296,35.5092,0.0642,start,1,1500,VIDE,0.0,0.0,0.0,0.0,-0.698132,-0.0,1,0,27.131,18.653,0.0,0.0,0.0,0.0,0.2,2.0,1.0,0.05,1,0.0,0.2,0.0
529,2026-04-24T13:43:17.591Z,S20260424_144242,SC01,AUTO,4.6932,35.5729,0.0636,start,1,1500,VIDE,0.0,0.0,0.0,0.0,-0.698132,0.0,1,0,20.518,20.231,0.0,0.0,0.0,0.0,0.2,2.0,1.0,0.05,1,0.0,0.2,0.0
530,2026-04-24T13:43:17.648Z,S20260424_144242,SC01,AUTO,4.7506,35.6303,0.0575,start,1,1500,VIDE,0.0,0.0,0.0,0.0,-0.698132,0.0,1,0,34.191,22.371,0.0,0.0,0.0,0.0,0.2,2.0,1.0,0.05,1,0.0,0.2,0.0
531,2026-04-24T13:43:17.710Z,S20260424_144242,SC01,AUTO,4.8131,35.6927,0.0624,start,1,1500,VIDE,0.0,0.0,0.0,0.0,-0.698132,0.0,1,0,31.957,18.894,0.0,0.0,0.0,0.0,0.2,2.0,1.0,0.05,1,0.0,0.2,0.0
532,2026-04-24T13:43:17.774Z,S20260424_144242,SC01,AUTO,4.8767,35.7564,0.0636,start,1,1500,VIDE,0.0,0.0,0.0,0.0,-0.698132,-0.0,1,0,27.777,19.362,0.0,0.0,0.0,0.0,0.2,2.0,1.0,0.05,1,0.0,0.2,0.0
533,2026-04-24T13:43:17.836Z,S20260424_144242,SC01,AUTO,4.9385,35.8181,0.0618,start,1,1500,VIDE,0.0,0.0,0.0,0.0,-0.698132,-0.0,1,0,37.107,25.514,0.0,0.0,0.0,0.0,0.2,2.0,1.0,0.05,1,0.0,0.2,0.0
534,2026-04-24T13:43:17.899Z,S20260424_144242,SC01,AUTO,5.0015,35.8812,0.063,accel_1,1,1500,VIDE,0.0,0.12,0.0,0.0,-0.698132,-0.0,1,0,37.767,14.347,0.0,0.12,0.0,0.0,1.3,2.0,1.0,0.05,1,0.0,1.3,0.0
535,2026-04-24T13:43:17.962Z,S20260424_144242,SC01,AUTO,5.065,35.9447,0.0635,accel_1,1,1500,VIDE,0.0,0.12,0.0,0.0,-0.698132,0.0,1,0,18.519,18.146,0.0,0.12,0.0,0.0,1.3,2.0,1.0,0.05,1,0.0,1.3,0.0
536,2026-04-24T13:43:18.038Z,S20260424_144242,SC01,AUTO,5.1405,36.0202,0.0754,accel_1,1,1500,VIDE,0.0,0.12,0.0,0.005547,-0.698132,0.0,1,0,15.898,19.81,0.0,0.12,0.0,0.0,1.3,2.0,1.0,0.05,1,0.00555,1.29445,0.0
537,2026-04-24T13:43:18.087Z,S20260424_144242,SC01,AUTO,5.1894,36.0691,0.049,accel_1,1,1500,VIDE,0.0,0.12,0.0,0.009159,-0.698132,-0.0,1,0,28.56,21.53,0.0,0.12,0.0,0.0,1.3,2.0,1.0,0.05,1,0.00916,1.29084,0.0
538,2026-04-24T13:43:18.148Z,S20260424_144242,SC01,AUTO,5.2506,36.1303,0.0612,accel_1,1,1500,VIDE,0.0,0.12,0.0,0.017905,-0.698132,0.0,1,0,19.171,19.401,0.0,0.12,0.0,0.0,1.3,2.0,1.0,0.05,1,0.01791,1.28209,0.0
539,2026-04-24T13:43:18.211Z,S20260424_144242,SC01,AUTO,5.3141,36.1938,0.0634,accel_1,1,1500,VIDE,0.0,0.12,0.0,0.028061,-0.698132,0.0,1,0,23.215,19.693,0.0,0.12,0.0,0.0,1.3,2.0,1.0,0.05,1,0.02806,1.27194,0.0
540,2026-04-24T13:43:18.275Z,S20260424_144242,SC01,AUTO,5.3775,36.2572,0.0633,accel_1,1,1500,VIDE,0.0,0.12,0.0,0.039321,-0.698132,-0.0,1,0,26.042,18.642,0.0,0.12,0.0,0.0,1.3,2.0,1.0,0.05,1,0.03932,1.26068,0.0
541,2026-04-24T13:43:18.337Z,S20260424_144242,SC01,AUTO,5.4393,36.319,0.0619,accel_1,1,1500,VIDE,0.0,0.12,0.0,0.051608,-0.698132,0.0,1,0,30.792,13.92,0.0,0.12,0.0,0.0,1.3,2.0,1.0,0.05,1,0.05161,1.24839,0.0
542,2026-04-24T13:43:18.399Z,S20260424_144242,SC01,AUTO,5.502,36.3817,0.0627,accel_1,1,1500,VIDE,0.0,0.12,0.0,0.062602,-0.698132,-0.0,1,0,60.589,1.57,0.0,0.12,0.0,0.0,1.3,2.0,1.0,0.05,1,0.0626,1.2374,0.0
543,2026-04-24T13:43:18.461Z,S20260424_144242,SC01,AUTO,5.5635,36.4432,0.0614,accel_1,1,1500,VIDE,0.0,0.12,0.0,0.07186,-0.698132,-0.0,1,0,21.208,19.156,0.0,0.12,0.0,0.0,1.3,2.0,1.0,0.05,1,0.07186,1.22814,0.0
544,2026-04-24T13:43:18.523Z,S20260424_144242,SC01,AUTO,5.6256,36.5053,0.0622,accel_1,1,1500,VIDE,0.0,0.12,0.0,0.086439,-0.698132,-0.0,1,0,33.713,20.083,0.0,0.12,0.0,0.0,1.3,2.0,1.0,0.05,1,0.08644,1.21356,0.0
545,2026-04-24T13:43:18.586Z,S20260424_144242,SC01,AUTO,5.6884,36.5681,0.0628,accel_1,1,1500,VIDE,0.0,0.12,0.0,0.101733,-0.698132,0.0,1,0,25.747,19.713,0.0,0.12,0.0,0.0,1.3,2.0,1.0,0.05,1,0.10173,1.19827,0.0
546,2026-04-24T13:43:18.650Z,S20260424_144242,SC01,AUTO,5.7526,36.6323,0.0642,accel_1,1,1500,VIDE,0.0,0.12,0.0,0.109608,-0.698132,-0.0,1,0,24.548,19.485,0.0,0.12,0.0,0.0,1.3,2.0,1.0,0.05,1,0.10961,1.19039,0.0
547,2026-04-24T13:43:18.710Z,S20260424_144242,SC01,AUTO,5.8129,36.6926,0.0603,accel_1,1,1500,VIDE,0.0,0.12,0.0,0.125738,-0.698132,-0.0,1,0,16.477,19.187,0.0,0.12,0.0,0.0,1.3,2.0,1.0,0.05,1,0.12574,1.17426,0.0
548,2026-04-24T13:43:18.773Z,S20260424_144242,SC01,AUTO,5.8754,36.7551,0.0625,accel_1,1,1500,VIDE,0.0,0.12,0.0,0.142288,-0.698132,0.0,1,0,22.844,19.3,0.0,0.12,0.0,0.0,1.3,2.0,1.0,0.05,1,0.14229,1.15771,0.0
549,2026-04-24T13:43:18.837Z,S20260424_144242,SC01,AUTO,5.94,36.8197,0.0646,accel_1,1,1500,VIDE,0.0,0.12,0.0,0.15917,-0.698132,0.0,1,0,28.279,16.689,0.0,0.12,0.0,0.0,1.3,2.0,1.0,0.05,1,0.15917,1.14083,0.0
550,2026-04-24T13:43:18.907Z,S20260424_144242,SC01,AUTO,6.0094,36.889,0.0694,accel_1,1,1500,VIDE,0.0,0.12,0.0,0.176315,-0.698132,-0.0,1,0,13.91,19.092,0.0,0.12,0.0,0.0,1.3,2.0,1.0,0.05,1,0.17631,1.12369,0.0
551,2026-04-24T13:43:18.965Z,S20260424_144242,SC01,AUTO,6.0674,36.9471,0.058,accel_1,1,1500,VIDE,0.0,0.12,0.0,0.193665,-0.698132,0.0,1,0,19.667,20.092,0.0,0.12,0.0,0.0,1.3,2.0,1.0,0.05,1,0.19366,1.10634,0.0
552,2026-04-24T13:43:19.032Z,S20260424_144242,SC01,AUTO,6.1346,37.0143,0.0672,accel_1,1,1500,VIDE,0.0,0.12,0.0,0.211176,-0.698132,-0.0,1,0,27.488,19.79,0.0,0.12,0.0,0.0,1.3,2.0,1.0,0.05,1,0.21118,1.08882,0.0
553,2026-04-24T13:43:19.097Z,S20260424_144242,SC01,AUTO,6.2,37.0797,0.0653,accel_1,1,1500,VIDE,0.0,0.12,0.0,0.228813,-0.698132,0.0,1,0,16.029,19.2,0.0,0.12,0.0,0.0,1.3,2.0,1.0,0.05,1,0.22881,1.07119,0.0
554,2026-04-24T13:43:19.158Z,S20260424_144242,SC01,AUTO,6.2603,37.14,0.0603,accel_1,1,1500,VIDE,0.0,0.12,0.0,0.237671,-0.698132,-0.0,1,0,32.811,19.732,0.0,0.12,0.0,0.0,1.3,2.0,1.0,0.05,1,0.23767,1.06233,0.0
555,2026-04-24T13:43:19.214Z,S20260424_144242,SC01,AUTO,6.3163,37.1959,0.056,accel_1,1,1500,VIDE,0.0,0.12,0.0,0.255449,-0.698132,-0.0,1,0,21.178,18.757,0.0,0.12,0.0,0.0,1.3,2.0,1.0,0.05,1,0.25545,1.04455,0.0
556,2026-04-24T13:43:19.275Z,S20260424_144242,SC01,AUTO,6.3774,37.2571,0.0611,accel_1,1,1500,VIDE,0.0,0.12,0.0,0.273295,-0.698132,0.0,1,0,30.281,16.683,0.0,0.12,0.0,0.0,1.3,2.0,1.0,0.05,1,0.2733,1.0267,0.0
557,2026-04-24T13:43:19.338Z,S20260424_144242,SC01,AUTO,6.4405,37.3201,0.0631,accel_1,1,1500,VIDE,0.0,0.12,0.0,0.291196,-0.698132,-0.0,1,0,16.858,19.599,0.0,0.12,0.0,0.0,1.3,2.0,1.0,0.05,1,0.2912,1.0088,0.0
558,2026-04-24T13:43:19.403Z,S20260424_144242,SC01,AUTO,6.5055,37.3852,0.065,accel_1,1,1500,VIDE,0.0,0.12,0.0,0.300162,-0.698132,-0.0,1,0,32.653,20.252,0.0,0.12,0.0,0.0,1.3,2.0,1.0,0.05,1,0.30016,0.99984,0.0
559,2026-04-24T13:43:19.464Z,S20260424_144242,SC01,AUTO,6.5671,37.4467,0.0616,accel_1,1,1500,VIDE,0.0,0.12,0.0,0.318122,-0.698132,-0.0,1,0,17.621,19.642,0.0,0.12,0.0,0.0,1.3,2.0,1.0,0.05,1,0.31812,0.98188,0.0
560,2026-04-24T13:43:19.523Z,S20260424_144242,SC01,AUTO,6.6256,37.5053,0.0585,accel_1,1,1500,VIDE,0.0,0.12,0.0,0.330112,-0.698132,-0.0,1,0,45.781,11.427,0.0,0.12,0.0,0.0,1.3,2.0,1.0,0.05,1,0.33011,0.96989,0.0
561,2026-04-24T13:43:19.595Z,S20260424_144242,SC01,AUTO,6.6976,37.5773,0.072,accel_1,1,1500,VIDE,0.0,0.12,0.0,0.354122,-0.698132,-0.0,1,0,14.974,18.785,0.0,0.12,0.0,0.0,1.3,2.0,1.0,0.05,1,0.35412,0.94588,0.0
562,2026-04-24T13:43:19.657Z,S20260424_144242,SC01,AUTO,6.7592,37.6389,0.0616,accel_1,1,1500,VIDE,0.0,0.12,0.0,0.363135,-0.698132,0.0,1,0,28.362,24.044,0.0,0.12,0.0,0.0,1.3,2.0,1.0,0.05,1,0.36313,0.93687,0.0
563,2026-04-24T13:43:19.715Z,S20260424_144242,SC01,AUTO,6.8178,37.6975,0.0586,accel_1,1,1500,VIDE,0.0,0.12,0.0,0.381171,-0.698132,-0.0,1,0,23.423,20.278,0.0,0.12,0.0,0.0,1.3,2.0,1.0,0.05,1,0.38117,0.91883,0.0
564,2026-04-24T13:43:19.777Z,S20260424_144242,SC01,AUTO,6.88,37.7596,0.062,accel_1,1,1500,VIDE,0.0,0.12,0.0,0.396211,-0.698132,-0.0,1,0,38.528,1.232,0.0,0.12,0.0,0.0,1.3,2.0,1.0,0.05,1,0.39621,0.90379,0.0
565,2026-04-24T13:43:19.837Z,S20260424_144242,SC01,AUTO,6.9393,37.819,0.0594,accel_1,1,1500,VIDE,0.0,0.12,0.0,0.408247,-0.698132,-0.0,1,0,12.999,19.238,0.0,0.12,0.0,0.0,1.3,2.0,1.0,0.05,1,0.40825,0.89175,0.0
566,2026-04-24T13:43:19.898Z,S20260424_144242,SC01,AUTO,7.0005,37.8802,0.0612,accel_1,1,1500,VIDE,0.0,0.12,0.0,0.426309,-0.698132,-0.0,1,0,26.364,20.154,0.0,0.12,0.0,0.0,1.3,2.0,1.0,0.05,1,0.42631,0.87369,0.0
567,2026-04-24T13:43:19.962Z,S20260424_144242,SC01,AUTO,7.0645,37.9442,0.0639,accel_1,1,1500,VIDE,0.0,0.12,0.0,0.444377,-0.698132,-0.0,1,0,20.217,19.781,0.0,0.12,0.0,0.0,1.3,2.0,1.0,0.05,1,0.44438,0.85562,0.0
568,2026-04-24T13:43:20.034Z,S20260424_144242,SC01,AUTO,7.1366,38.0163,0.0722,accel_1,1,1500,VIDE,0.0,0.12,0.0,0.46245,-0.698132,0.0,1,0,32.775,18.551,0.0,0.12,0.0,0.0,1.3,2.0,1.0,0.05,1,0.46245,0.83755,0.0
569,2026-04-24T13:43:20.090Z,S20260424_144242,SC01,AUTO,7.1928,38.0724,0.056,accel_1,1,1500,VIDE,0.0,0.12,0.0,0.471487,-0.698132,-0.0,1,0,28.096,21.728,0.0,0.12,0.0,0.0,1.3,2.0,1.0,0.05,1,0.47149,0.82851,0.0
570,2026-04-24T13:43:20.149Z,S20260424_144242,SC01,AUTO,7.2515,38.1312,0.0588,accel_1,1,1500,VIDE,0.0,0.12,0.0,0.483539,-0.698132,0.0,1,0,47.731,17.536,0.0,0.12,0.0,0.0,1.3,2.0,1.0,0.05,1,0.48354,0.81646,0.0
571,2026-04-24T13:43:20.216Z,S20260424_144242,SC01,AUTO,7.3188,38.1985,0.0673,accel_1,1,1500,VIDE,0.0,0.12,0.0,0.498605,-0.698132,0.0,1,0,31.953,19.021,0.0,0.12,0.0,0.0,1.3,2.0,1.0,0.05,1,0.4986,0.8014,0.0
572,2026-04-24T13:43:20.277Z,S20260424_144242,SC01,AUTO,7.3801,38.2597,0.0613,accel_1,1,1500,VIDE,0.0,0.12,0.0,0.516686,-0.698132,0.0,1,0,27.672,19.004,0.0,0.12,0.0,0.0,1.3,2.0,1.0,0.05,1,0.51669,0.78331,0.0
573,2026-04-24T13:43:20.337Z,S20260424_144242,SC01,AUTO,7.4396,38.3193,0.0596,accel_1,1,1500,VIDE,0.0,0.12,0.0,0.525727,-0.698132,-0.0,1,0,27.011,19.672,0.0,0.12,0.0,0.0,1.3,2.0,1.0,0.05,1,0.52573,0.77427,0.0
574,2026-04-24T13:43:20.399Z,S20260424_144242,SC01,AUTO,7.5013,38.381,0.0616,accel_1,1,1500,VIDE,0.0,0.12,0.0,0.54381,-0.698132,0.0,1,0,21.043,19.749,0.0,0.12,0.0,0.0,1.3,2.0,1.0,0.05,1,0.54381,0.75619,0.0
575,2026-04-24T13:43:20.464Z,S20260424_144242,SC01,AUTO,7.5665,38.4462,0.0652,accel_1,1,1500,VIDE,0.0,0.12,0.0,0.561893,-0.698132,0.0,1,0,20.308,19.105,0.0,0.12,0.0,0.0,1.3,2.0,1.0,0.05,1,0.56189,0.73811,0.0
576,2026-04-24T13:43:20.532Z,S20260424_144242,SC01,AUTO,7.635,38.5147,0.0686,accel_1,1,1500,VIDE,0.0,0.12,0.0,0.570935,-0.698132,-0.0,1,0,42.009,20.795,0.0,0.12,0.0,0.0,1.3,2.0,1.0,0.05,1,0.57094,0.72906,0.0
577,2026-04-24T13:43:20.586Z,S20260424_144242,SC01,AUTO,7.6885,38.5681,0.0535,accel_1,1,1500,VIDE,0.0,0.12,0.0,0.58902,-0.698132,-0.0,1,0,34.745,21.938,0.0,0.12,0.0,0.0,1.3,2.0,1.0,0.05,1,0.58902,0.71098,0.0
578,2026-04-24T13:43:20.649Z,S20260424_144242,SC01,AUTO,7.7512,38.6308,0.0627,accel_1,1,1500,VIDE,0.0,0.12,0.0,0.607104,-0.698132,0.0,1,0,26.925,19.741,0.0,0.12,0.0,0.0,1.3,2.0,1.0,0.05,1,0.6071,0.6929,0.0
579,2026-04-24T13:43:20.715Z,S20260424_144242,SC01,AUTO,7.818,38.6976,0.0668,accel_1,1,1500,VIDE,0.0,0.12,0.0,0.616146,-0.698132,-0.0,1,0,24.137,19.421,0.0,0.12,0.0,0.0,1.3,2.0,1.0,0.05,1,0.61615,0.68385,0.0
580,2026-04-24T13:43:20.777Z,S20260424_144242,SC01,AUTO,7.8796,38.7592,0.0616,accel_1,1,1500,VIDE,0.0,0.12,0.0,0.63423,-0.698132,-0.0,1,0,33.817,24.973,0.0,0.12,0.0,0.0,1.3,2.0,1.0,0.05,1,0.63423,0.66577,0.0
581,2026-04-24T13:43:20.836Z,S20260424_144242,SC01,AUTO,7.9391,38.8187,0.0595,accel_1,1,1500,VIDE,0.0,0.12,0.0,0.652314,-0.698132,-0.0,1,0,28.96,18.896,0.0,0.12,0.0,0.0,1.3,2.0,1.0,0.05,1,0.65231,0.64769,0.0
582,2026-04-24T13:43:20.904Z,S20260424_144242,SC01,AUTO,8.0061,38.8858,0.0671,accel_1,1,1500,VIDE,0.0,0.12,0.0,0.670397,-0.698132,0.0,1,0,13.493,19.698,0.0,0.12,0.0,0.0,1.3,2.0,1.0,0.05,1,0.6704,0.6296,0.0
583,2026-04-24T13:43:20.964Z,S20260424_144242,SC01,AUTO,8.0669,38.9465,0.0607,accel_1,1,1500,VIDE,0.0,0.12,0.0,0.68848,-0.698132,0.0,1,0,20.955,15.111,0.0,0.12,0.0,0.0,1.3,2.0,1.0,0.05,1,0.68848,0.61152,0.0
584,2026-04-24T13:43:21.030Z,S20260424_144242,SC01,AUTO,8.1328,39.0125,0.0659,accel_1,1,1500,VIDE,0.0,0.12,0.0,0.706563,-0.698132,0.0,1,0,28.253,19.845,0.0,0.12,0.0,0.0,1.3,2.0,1.0,0.05,1,0.70656,0.59344,0.0
585,2026-04-24T13:43:21.091Z,S20260424_144242,SC01,AUTO,8.1936,39.0733,0.0607,accel_1,1,1500,VIDE,0.0,0.12,0.0,0.721631,-0.698132,-0.0,1,0,33.163,1.976,0.0,0.12,0.0,0.0,1.3,2.0,1.0,0.05,1,0.72163,0.57837,0.0
586,2026-04-24T13:43:21.149Z,S20260424_144242,SC01,AUTO,8.2517,39.1314,0.0581,accel_1,1,1500,VIDE,0.0,0.12,0.0,0.733685,-0.698132,-0.0,1,0,25.186,19.866,0.0,0.12,0.0,0.0,1.3,2.0,1.0,0.05,1,0.73369,0.56631,0.0
587,2026-04-24T13:43:21.215Z,S20260424_144242,SC01,AUTO,8.3176,39.1972,0.0658,accel_1,1,1500,VIDE,0.0,0.12,0.0,0.751766,-0.698132,0.0,1,0,13.491,19.439,0.0,0.12,0.0,0.0,1.3,2.0,1.0,0.05,1,0.75177,0.54823,0.0
588,2026-04-24T13:43:21.274Z,S20260424_144242,SC01,AUTO,8.3765,39.2562,0.059,accel_1,1,1500,VIDE,0.0,0.12,0.0,0.769846,-0.698132,0.0,1,0,19.358,14.909,0.0,0.12,0.0,0.0,1.3,2.0,1.0,0.05,1,0.76985,0.53015,0.0
589,2026-04-24T13:43:21.337Z,S20260424_144242,SC01,AUTO,8.4395,39.3192,0.063,accel_1,1,1500,VIDE,0.0,0.12,0.0,0.787926,-0.698132,0.0,1,0,25.701,15.976,0.0,0.12,0.0,0.0,1.3,2.0,1.0,0.05,1,0.78793,0.51207,0.0
590,2026-04-24T13:43:21.399Z,S20260424_144242,SC01,AUTO,8.5021,39.3818,0.0626,accel_1,1,1500,VIDE,0.0,0.12,0.0,0.806004,-0.698132,0.0,1,0,12.615,19.919,0.0,0.12,0.0,0.0,1.3,2.0,1.0,0.05,1,0.806,0.494,0.0
591,2026-04-24T13:43:21.463Z,S20260424_144242,SC01,AUTO,8.5657,39.4454,0.0636,accel_1,1,1500,VIDE,0.0,0.12,0.0,0.824082,-0.698132,0.0,1,0,18.331,19.138,0.0,0.12,0.0,0.0,1.3,2.0,1.0,0.05,1,0.82408,0.47592,0.0
592,2026-04-24T13:43:21.523Z,S20260424_144242,SC01,AUTO,8.626,39.5057,0.0603,accel_1,1,1500,VIDE,0.0,0.12,0.0,0.84216,-0.698132,-0.0,1,0,25.102,19.786,0.0,0.12,0.0,0.0,1.3,2.0,1.0,0.05,1,0.84216,0.45784,0.0
593,2026-04-24T13:43:21.595Z,S20260424_144242,SC01,AUTO,8.6976,39.5773,0.0716,accel_1,1,1500,VIDE,0.0,0.12,0.0,0.860236,-0.698132,0.0,1,0,11.639,19.825,0.0,0.12,0.0,0.0,1.3,2.0,1.0,0.05,1,0.86024,0.43976,0.0
594,2026-04-24T13:43:21.648Z,S20260424_144242,SC01,AUTO,8.7511,39.6308,0.0535,accel_1,1,1500,VIDE,0.0,0.12,0.0,0.869274,-0.698132,-0.0,1,0,20.906,23.848,0.0,0.12,0.0,0.0,1.3,2.0,1.0,0.05,1,0.86927,0.43073,0.0
595,2026-04-24T13:43:21.716Z,S20260424_144242,SC01,AUTO,8.8187,39.6984,0.0677,accel_1,1,1500,VIDE,0.0,0.12,0.0,0.890361,-0.698132,-0.0,1,0,38.187,9.065,0.0,0.12,0.0,0.0,1.3,2.0,1.0,0.05,1,0.89036,0.40964,0.0
596,2026-04-24T13:43:21.777Z,S20260424_144242,SC01,AUTO,8.8797,39.7593,0.0609,accel_1,1,1500,VIDE,0.0,0.12,0.0,0.905423,-0.698132,0.0,1,0,33.013,20.071,0.0,0.12,0.0,0.0,1.3,2.0,1.0,0.05,1,0.90542,0.39458,0.0
597,2026-04-24T13:43:21.837Z,S20260424_144242,SC01,AUTO,8.9401,39.8198,0.0604,accel_1,1,1500,VIDE,0.0,0.12,0.0,0.923497,-0.698132,0.0,1,0,20.534,18.927,0.0,0.12,0.0,0.0,1.3,2.0,1.0,0.05,1,0.9235,0.3765,0.0
598,2026-04-24T13:43:21.898Z,S20260424_144242,SC01,AUTO,9.0004,39.8801,0.0604,accel_1,1,1500,VIDE,0.0,0.12,0.0,0.94157,-0.698132,0.0,1,0,25.822,19.555,0.0,0.12,0.0,0.0,1.3,2.0,1.0,0.05,1,0.94157,0.35843,0.0
599,2026-04-24T13:43:21.962Z,S20260424_144242,SC01,AUTO,9.0642,39.9439,0.0638,accel_1,1,1500,VIDE,0.0,0.12,0.0,0.959641,-0.698132,0.0,1,0,30.61,19.362,0.0,0.12,0.0,0.0,1.3,2.0,1.0,0.05,1,0.95964,0.34036,0.0
600,2026-04-24T13:43:22.027Z,S20260424_144242,SC01,AUTO,9.1294,40.0091,0.0651,accel_1,1,1500,VIDE,0.0,0.12,0.0,0.977712,-0.698132,-0.0,1,0,16.885,20.111,0.0,0.12,0.0,0.0,1.3,2.0,1.0,0.05,1,0.97771,0.32229,0.0
601,2026-04-24T13:43:22.090Z,S20260424_144242,SC01,AUTO,9.1924,40.0721,0.0631,accel_1,1,1500,VIDE,0.0,0.12,0.0,0.995782,-0.698132,-0.0,1,0,28.02,19.612,0.0,0.12,0.0,0.0,1.3,2.0,1.0,0.05,1,0.99578,0.30422,0.0
602,2026-04-24T13:43:22.149Z,S20260424_144242,SC01,AUTO,9.2513,40.131,0.0588,accel_1,1,1500,VIDE,0.0,0.12,0.0,1.004817,-0.698132,-0.0,1,0,22.899,19.004,0.0,0.12,0.0,0.0,1.3,2.0,1.0,0.05,1,1.00482,0.29518,0.0
603,2026-04-24T13:43:22.215Z,S20260424_144242,SC01,AUTO,9.3173,40.197,0.0661,accel_1,1,1500,VIDE,0.0,0.12,0.0,1.022885,-0.698132,0.0,1,0,27.636,20.21,0.0,0.12,0.0,0.0,1.3,2.0,1.0,0.05,1,1.02289,0.27711,0.0
604,2026-04-24T13:43:22.277Z,S20260424_144242,SC01,AUTO,9.3795,40.2592,0.0622,accel_1,1,1500,VIDE,0.0,0.12,0.0,1.040953,-0.698132,-0.0,1,0,30.611,23.255,0.0,0.12,0.0,0.0,1.3,2.0,1.0,0.05,1,1.04095,0.25905,0.0
605,2026-04-24T13:43:22.338Z,S20260424_144242,SC01,AUTO,9.4405,40.3201,0.0609,accel_1,1,1500,VIDE,0.0,0.12,0.0,1.05902,-0.698132,-0.0,1,0,18.099,20.184,0.0,0.12,0.0,0.0,1.3,2.0,1.0,0.05,1,1.05902,0.24098,0.0
606,2026-04-24T13:43:22.406Z,S20260424_144242,SC01,AUTO,9.509,40.3887,0.0686,accel_1,1,1500,VIDE,0.0,0.12,0.0,1.077086,-0.698132,0.0,1,0,24.563,19.674,0.0,0.12,0.0,0.0,1.3,2.0,1.0,0.05,1,1.07709,0.22291,0.0
607,2026-04-24T13:43:22.463Z,S20260424_144242,SC01,AUTO,9.5654,40.4451,0.0564,accel_1,1,1500,VIDE,0.0,0.12,0.0,1.095151,-0.698132,0.0,1,0,32.159,19.063,0.0,0.12,0.0,0.0,1.3,2.0,1.0,0.05,1,1.09515,0.20485,0.0
608,2026-04-24T13:43:22.531Z,S20260424_144242,SC01,AUTO,9.6333,40.5129,0.0678,accel_1,1,1500,VIDE,0.0,0.12,0.0,1.113215,-0.698132,-0.0,1,0,15.894,18.973,0.0,0.12,0.0,0.0,1.3,2.0,1.0,0.05,1,1.11321,0.18679,0.0
609,2026-04-24T13:43:22.586Z,S20260424_144242,SC01,AUTO,9.6891,40.5688,0.0559,accel_1,1,1500,VIDE,0.0,0.12,0.0,1.131278,-0.698132,-0.0,1,0,20.978,19.713,0.0,0.12,0.0,0.0,1.3,2.0,1.0,0.05,1,1.13128,0.16872,0.0
610,2026-04-24T13:43:22.650Z,S20260424_144242,SC01,AUTO,9.7531,40.6328,0.064,accel_1,1,1500,VIDE,0.0,0.12,0.0,1.14934,-0.698132,-0.0,1,0,25.387,20.394,0.0,0.12,0.0,0.0,1.3,2.0,1.0,0.05,1,1.14934,0.15066,0.0
611,2026-04-24T13:43:22.713Z,S20260424_144242,SC01,AUTO,9.8152,40.6949,0.0621,accel_1,1,1500,VIDE,0.0,0.12,0.0,1.167401,-0.698132,0.0,1,0,29.476,19.89,0.0,0.12,0.0,0.0,1.3,2.0,1.0,0.05,1,1.1674,0.1326,0.0
612,2026-04-24T13:43:22.777Z,S20260424_144242,SC01,AUTO,9.8801,40.7598,0.0648,accel_1,1,1500,VIDE,0.0,0.12,0.0,1.185461,-0.698132,0.0,1,0,14.692,19.108,0.0,0.12,0.0,0.0,1.3,2.0,1.0,0.05,1,1.18546,0.11454,0.0
613,2026-04-24T13:43:22.837Z,S20260424_144242,SC01,AUTO,9.9398,40.8194,0.0597,accel_1,1,1500,VIDE,0.0,0.12,0.0,1.1975,-0.698132,-0.0,1,0,40.302,10.861,0.0,0.12,0.0,0.0,1.3,2.0,1.0,0.05,1,1.1975,0.1025,0.0
614,2026-04-24T13:43:22.901Z,S20260424_144242,SC01,AUTO,10.0039,40.8836,0.0642,accel_2,1,1500,VIDE,0.0,0.2,0.0,1.215559,-0.698132,0.0,1,0,43.541,29.838,0.0,0.2,0.0,1.1,3.3,2.0,1.0,0.05,1,0.11556,2.08444,0.0
615,2026-04-24T13:43:22.964Z,S20260424_144242,SC01,AUTO,10.0664,40.9461,0.0625,accel_2,1,1500,VIDE,0.0,0.2,0.0,1.230662,-0.698132,-0.0,1,0,19.112,19.582,0.0,0.2,0.0,1.1,3.3,2.0,1.0,0.05,1,0.13066,2.06934,0.0
616,2026-04-24T13:43:23.026Z,S20260424_144242,SC01,AUTO,10.1289,41.0086,0.0625,accel_2,1,1500,VIDE,0.0,0.2,0.0,1.254626,-0.698132,0.0,1,0,11.487,0.712,0.0,0.2,0.0,1.1,3.3,2.0,1.0,0.05,1,0.15463,2.04537,0.0
617,2026-04-24T13:43:23.087Z,S20260424_144242,SC01,AUTO,10.1892,41.0689,0.0602,accel_2,1,1500,VIDE,0.0,0.2,0.0,1.274842,-0.698132,-0.0,1,0,33.092,19.617,0.0,0.2,0.0,1.1,3.3,2.0,1.0,0.05,1,0.17484,2.02516,0.0
618,2026-04-24T13:43:23.149Z,S20260424_144242,SC01,AUTO,10.252,41.1316,0.0628,accel_2,1,1500,VIDE,0.0,0.2,0.0,1.300917,-0.698132,0.0,1,0,18.93,19.674,0.0,0.2,0.0,1.1,3.3,2.0,1.0,0.05,1,0.20092,1.99908,0.0
619,2026-04-24T13:43:23.211Z,S20260424_144242,SC01,AUTO,10.3131,41.1928,0.0612,accel_2,1,1500,VIDE,0.0,0.2,0.0,1.328902,-0.698132,0.0,1,0,28.277,19.153,0.0,0.2,0.0,1.1,3.3,2.0,1.0,0.05,1,0.2289,1.9711,0.0
620,2026-04-24T13:43:23.273Z,S20260424_144242,SC01,AUTO,10.3756,41.2553,0.0624,accel_2,1,1500,VIDE,0.0,0.2,0.0,1.358383,-0.698132,0.0,1,0,31.844,19.695,0.0,0.2,0.0,1.1,3.3,2.0,1.0,0.05,1,0.25838,1.94162,0.0
621,2026-04-24T13:43:23.337Z,S20260424_144242,SC01,AUTO,10.4398,41.3194,0.0642,accel_2,1,1500,VIDE,0.0,0.2,0.0,1.389037,-0.698132,0.0,1,0,17.865,19.445,0.0,0.2,0.0,1.1,3.3,2.0,1.0,0.05,1,0.28904,1.91096,0.0
622,2026-04-24T13:43:23.399Z,S20260424_144242,SC01,AUTO,10.5016,41.3813,0.0618,accel_2,1,1500,VIDE,0.0,0.2,0.0,1.404723,-0.698132,0.0,1,0,31.499,19.983,0.0,0.2,0.0,1.1,3.3,2.0,1.0,0.05,1,0.30472,1.89528,0.0
623,2026-04-24T13:43:23.465Z,S20260424_144242,SC01,AUTO,10.5674,41.4471,0.0658,accel_2,1,1500,VIDE,0.0,0.2,0.0,1.43668,-0.698132,-0.0,1,0,21.411,19.211,0.0,0.2,0.0,1.1,3.3,2.0,1.0,0.05,1,0.33668,1.86332,0.0
624,2026-04-24T13:43:23.530Z,S20260424_144242,SC01,AUTO,10.6332,41.5129,0.0656,accel_2,1,1500,VIDE,0.0,0.2,0.0,1.469276,-0.698132,-0.0,1,0,26.853,19.497,0.0,0.2,0.0,1.1,3.3,2.0,1.0,0.05,1,0.36928,1.83072,0.0
625,2026-04-24T13:43:23.594Z,S20260424_144242,SC01,AUTO,10.6966,41.5763,0.0636,accel_2,1,1500,VIDE,0.0,0.2,0.0,1.502372,-0.698132,-0.0,1,0,32.453,19.542,0.0,0.2,0.0,1.1,3.3,2.0,1.0,0.05,1,0.40237,1.79763,0.0
626,2026-04-24T13:43:23.658Z,S20260424_144242,SC01,AUTO,10.7604,41.64,0.0637,accel_2,1,1500,VIDE,0.0,0.2,0.0,1.53586,-0.698132,-0.0,1,0,19.037,15.815,0.0,0.2,0.0,1.1,3.3,2.0,1.0,0.05,1,0.43586,1.76414,0.0
627,2026-04-24T13:43:23.714Z,S20260424_144242,SC01,AUTO,10.8166,41.6963,0.0563,accel_2,1,1500,VIDE,0.0,0.2,0.0,1.569655,-0.698132,-0.0,1,0,26.644,18.81,0.0,0.2,0.0,1.1,3.3,2.0,1.0,0.05,1,0.46966,1.73034,0.0
628,2026-04-24T13:43:23.777Z,S20260424_144242,SC01,AUTO,10.8796,41.7593,0.063,accel_2,1,1500,VIDE,0.0,0.2,0.0,1.603691,-0.698132,-0.0,1,0,33.668,17.164,0.0,0.2,0.0,1.1,3.3,2.0,1.0,0.05,1,0.50369,1.69631,0.0
629,2026-04-24T13:43:23.837Z,S20260424_144242,SC01,AUTO,10.9398,41.8195,0.0602,accel_2,1,1500,VIDE,0.0,0.2,0.0,1.637914,-0.698132,-0.0,1,0,17.064,19.142,0.0,0.2,0.0,1.1,3.3,2.0,1.0,0.05,1,0.53791,1.66209,0.0
630,2026-04-24T13:43:23.899Z,S20260424_144242,SC01,AUTO,11.0015,41.8812,0.0617,accel_2,1,1500,VIDE,0.0,0.2,0.0,1.672284,-0.698132,-0.0,1,0,20.38,19.069,0.0,0.2,0.0,1.1,3.3,2.0,1.0,0.05,1,0.57228,1.62772,0.0
631,2026-04-24T13:43:23.962Z,S20260424_144242,SC01,AUTO,11.0646,41.9442,0.063,accel_2,1,1500,VIDE,0.0,0.2,0.0,1.695262,-0.698132,-0.0,1,0,44.941,14.027,0.0,0.2,0.0,1.1,3.3,2.0,1.0,0.05,1,0.59526,1.60474,0.0
632,2026-04-24T13:43:24.029Z,S20260424_144242,SC01,AUTO,11.1315,42.0111,0.0669,accel_2,1,1500,VIDE,0.0,0.2,0.0,1.741342,-0.698132,-0.0,1,0,28.405,19.152,0.0,0.2,0.0,1.1,3.3,2.0,1.0,0.05,1,0.64134,1.55866,0.0
633,2026-04-24T13:43:24.089Z,S20260424_144242,SC01,AUTO,11.1917,42.0714,0.0602,accel_2,1,1500,VIDE,0.0,0.2,0.0,1.758656,-0.698132,-0.0,1,0,20.717,19.756,0.0,0.2,0.0,1.1,3.3,2.0,1.0,0.05,1,0.65866,1.54134,0.0
634,2026-04-24T13:43:24.149Z,S20260424_144242,SC01,AUTO,11.2512,42.1309,0.0595,accel_2,1,1500,VIDE,0.0,0.2,0.0,1.793328,-0.698132,-0.0,1,0,26.19,18.546,0.0,0.2,0.0,1.1,3.3,2.0,1.0,0.05,1,0.69333,1.50667,0.0
635,2026-04-24T13:43:24.213Z,S20260424_144242,SC01,AUTO,11.3161,42.1958,0.0649,accel_2,1,1500,VIDE,0.0,0.2,0.0,1.828048,-0.698132,-0.0,1,0,31.67,20.121,0.0,0.2,0.0,1.1,3.3,2.0,1.0,0.05,1,0.72805,1.47195,0.0
636,2026-04-24T13:43:24.277Z,S20260424_144242,SC01,AUTO,11.3791,42.2588,0.0631,accel_2,1,1500,VIDE,0.0,0.2,0.0,1.862804,-0.698132,0.0,1,0,18.945,16.496,0.0,0.2,0.0,1.1,3.3,2.0,1.0,0.05,1,0.7628,1.4372,0.0
637,2026-04-24T13:43:24.338Z,S20260424_144242,SC01,AUTO,11.4402,42.3198,0.061,accel_2,1,1500,VIDE,0.0,0.2,0.0,1.897588,-0.698132,-0.0,1,0,23.78,18.989,0.0,0.2,0.0,1.1,3.3,2.0,1.0,0.05,1,0.79759,1.40241,0.0
638,2026-04-24T13:43:24.402Z,S20260424_144242,SC01,AUTO,11.5049,42.3846,0.0646,accel_2,1,1500,VIDE,0.0,0.2,0.0,1.932394,-0.698132,-0.0,1,0,28.113,19.94,0.0,0.2,0.0,1.1,3.3,2.0,1.0,0.05,1,0.83239,1.36761,0.0
639,2026-04-24T13:43:24.464Z,S20260424_144242,SC01,AUTO,11.5662,42.4459,0.0614,accel_2,1,1500,VIDE,0.0,0.2,0.0,1.967216,-0.698132,-0.0,1,0,15.037,19.589,0.0,0.2,0.0,1.1,3.3,2.0,1.0,0.05,1,0.86722,1.33278,0.0
640,2026-04-24T13:43:24.526Z,S20260424_144242,SC01,AUTO,11.6283,42.508,0.0621,accel_2,1,1500,VIDE,0.0,0.2,0.0,2.002049,-0.698132,-0.0,1,0,19.168,20.26,0.0,0.2,0.0,1.1,3.3,2.0,1.0,0.05,1,0.90205,1.29795,0.0
641,2026-04-24T13:43:24.586Z,S20260424_144242,SC01,AUTO,11.6888,42.5685,0.0605,accel_2,1,1500,VIDE,0.0,0.2,0.0,2.036892,-0.698132,-0.0,1,0,23.384,19.585,0.0,0.2,0.0,1.1,3.3,2.0,1.0,0.05,1,0.93689,1.26311,0.0
642,2026-04-24T13:43:24.648Z,S20260424_144242,SC01,AUTO,11.7505,42.6302,0.0617,accel_2,1,1500,VIDE,0.0,0.2,0.0,2.071741,-0.698132,0.0,1,0,25.603,19.376,0.0,0.2,0.0,1.1,3.3,2.0,1.0,0.05,1,0.97174,1.22826,0.0
643,2026-04-24T13:43:24.712Z,S20260424_144242,SC01,AUTO,11.8151,42.6948,0.0646,accel_2,1,1500,VIDE,0.0,0.2,0.0,2.106595,-0.698132,0.0,1,0,30.146,19.217,0.0,0.2,0.0,1.1,3.3,2.0,1.0,0.05,1,1.00659,1.19341,0.0
644,2026-04-24T13:43:24.774Z,S20260424_144242,SC01,AUTO,11.8766,42.7563,0.0615,accel_2,1,1500,VIDE,0.0,0.2,0.0,2.14145,-0.698132,-0.0,1,0,15.106,18.52,0.0,0.2,0.0,1.1,3.3,2.0,1.0,0.05,1,1.04145,1.15855,0.0
645,2026-04-24T13:43:24.837Z,S20260424_144242,SC01,AUTO,11.94,42.8197,0.0634,accel_2,1,1500,VIDE,0.0,0.2,0.0,2.176308,-0.698132,-0.0,1,0,18.494,19.365,0.0,0.2,0.0,1.1,3.3,2.0,1.0,0.05,1,1.07631,1.12369,0.0
646,2026-04-24T13:43:24.899Z,S20260424_144242,SC01,AUTO,12.0018,42.8814,0.0617,accel_2,1,1500,VIDE,0.0,0.2,0.0,2.193737,-0.698132,0.0,1,0,31.847,21.407,0.0,0.2,0.0,1.1,3.3,2.0,1.0,0.05,1,1.09374,1.10626,0.0
647,2026-04-24T13:43:24.961Z,S20260424_144242,SC01,AUTO,12.0633,42.943,0.0615,accel_2,1,1500,VIDE,0.0,0.2,0.0,2.228594,-0.698132,0.0,1,0,18.448,20.001,0.0,0.2,0.0,1.1,3.3,2.0,1.0,0.05,1,1.12859,1.07141,0.0
648,2026-04-24T13:43:25.027Z,S20260424_144242,SC01,AUTO,12.1299,43.0096,0.0666,accel_2,1,1500,VIDE,0.0,0.2,0.0,2.263451,-0.698132,0.0,1,0,27.247,19.48,0.0,0.2,0.0,1.1,3.3,2.0,1.0,0.05,1,1.16345,1.03655,0.0
649,2026-04-24T13:43:25.086Z,S20260424_144242,SC01,AUTO,12.1884,43.0681,0.0586,accel_2,1,1500,VIDE,0.0,0.2,0.0,2.298307,-0.698132,-0.0,1,0,13.475,19.239,0.0,0.2,0.0,1.1,3.3,2.0,1.0,0.05,1,1.19831,1.00169,0.0
650,2026-04-24T13:43:25.148Z,S20260424_144242,SC01,AUTO,12.2506,43.1303,0.0622,accel_2,1,1500,VIDE,0.0,0.2,0.0,2.333161,-0.698132,0.0,1,0,17.556,19.292,0.0,0.2,0.0,1.1,3.3,2.0,1.0,0.05,1,1.23316,0.96684,0.0
651,2026-04-24T13:43:25.210Z,S20260424_144242,SC01,AUTO,12.3126,43.1923,0.062,accel_2,1,1500,VIDE,0.0,0.2,0.0,2.368014,-0.698132,-0.0,1,0,22.176,19.831,0.0,0.2,0.0,1.1,3.3,2.0,1.0,0.05,1,1.26801,0.93199,0.0
652,2026-04-24T13:43:25.274Z,S20260424_144242,SC01,AUTO,12.3762,43.2559,0.0635,accel_2,1,1500,VIDE,0.0,0.2,0.0,2.402863,-0.698132,-0.0,1,0,24.601,19.54,0.0,0.2,0.0,1.1,3.3,2.0,1.0,0.05,1,1.30286,0.89714,0.0
653,2026-04-24T13:43:25.336Z,S20260424_144242,SC01,AUTO,12.4386,43.3183,0.0625,accel_2,1,1500,VIDE,0.0,0.2,0.0,2.437711,-0.698132,0.0,1,0,30.658,16.954,0.0,0.2,0.0,1.1,3.3,2.0,1.0,0.05,1,1.33771,0.86229,0.0
654,2026-04-24T13:43:25.398Z,S20260424_144242,SC01,AUTO,12.5001,43.3798,0.0615,accel_2,1,1500,VIDE,0.0,0.2,0.0,2.472555,-0.698132,0.0,1,0,12.819,20.045,0.0,0.2,0.0,1.1,3.3,2.0,1.0,0.05,1,1.37256,0.82744,0.0
655,2026-04-24T13:43:25.462Z,S20260424_144242,SC01,AUTO,12.5643,43.444,0.0642,accel_2,1,1500,VIDE,0.0,0.2,0.0,2.507397,-0.698132,0.0,1,0,17.819,19.794,0.0,0.2,0.0,1.1,3.3,2.0,1.0,0.05,1,1.4074,0.7926,0.0
656,2026-04-24T13:43:25.524Z,S20260424_144242,SC01,AUTO,12.6265,43.5062,0.0621,accel_2,1,1500,VIDE,0.0,0.2,0.0,2.542235,-0.698132,-0.0,1,0,21.701,19.543,0.0,0.2,0.0,1.1,3.3,2.0,1.0,0.05,1,1.44224,0.75776,0.0
657,2026-04-24T13:43:25.594Z,S20260424_144242,SC01,AUTO,12.6963,43.576,0.0698,accel_2,1,1500,VIDE,0.0,0.2,0.0,2.577071,-0.698132,0.0,1,0,25.74,19.298,0.0,0.2,0.0,1.1,3.3,2.0,1.0,0.05,1,1.47707,0.72293,0.0
658,2026-04-24T13:43:25.648Z,S20260424_144242,SC01,AUTO,12.7511,43.6308,0.0548,accel_2,1,1500,VIDE,0.0,0.2,0.0,2.611903,-0.698132,-0.0,1,0,28.287,16.688,0.0,0.2,0.0,1.1,3.3,2.0,1.0,0.05,1,1.5119,0.6881,0.0
659,2026-04-24T13:43:25.716Z,S20260424_144242,SC01,AUTO,12.8186,43.6983,0.0675,accel_2,1,1500,VIDE,0.0,0.2,0.0,2.646732,-0.698132,0.0,1,0,15.571,19.261,0.0,0.2,0.0,1.1,3.3,2.0,1.0,0.05,1,1.54673,0.65327,0.0
660,2026-04-24T13:43:25.777Z,S20260424_144242,SC01,AUTO,12.8795,43.7592,0.0609,accel_2,1,1500,VIDE,0.0,0.2,0.0,2.681557,-0.698132,-0.0,1,0,17.469,19.277,0.0,0.2,0.0,1.1,3.3,2.0,1.0,0.05,1,1.58156,0.61844,0.0
661,2026-04-24T13:43:25.838Z,S20260424_144242,SC01,AUTO,12.9401,43.8198,0.0607,accel_2,1,1500,VIDE,0.0,0.2,0.0,2.710576,-0.698132,0.0,1,0,40.233,0.873,0.0,0.2,0.0,1.1,3.3,2.0,1.0,0.05,1,1.61058,0.58942,0.0
662,2026-04-24T13:43:25.899Z,S20260424_144242,SC01,AUTO,13.0013,43.881,0.0612,accel_2,1,1500,VIDE,0.0,0.2,0.0,2.733789,-0.698132,-0.0,1,0,13.204,18.792,0.0,0.2,0.0,1.1,3.3,2.0,1.0,0.05,1,1.63379,0.56621,0.0
663,2026-04-24T13:43:25.963Z,S20260424_144242,SC01,AUTO,13.0652,43.9449,0.0639,accel_2,1,1500,VIDE,0.0,0.2,0.0,2.768606,-0.698132,0.0,1,0,18.687,19.088,0.0,0.2,0.0,1.1,3.3,2.0,1.0,0.05,1,1.66861,0.53139,0.0
664,2026-04-24T13:43:26.036Z,S20260424_144242,SC01,AUTO,13.1385,44.0182,0.0733,accel_2,1,1500,VIDE,0.0,0.2,0.0,2.820825,-0.698132,0.0,1,0,14.441,19.595,0.0,0.2,0.0,1.1,3.3,2.0,1.0,0.05,1,1.72082,0.47918,0.0
665,2026-04-24T13:43:26.090Z,S20260424_144242,SC01,AUTO,13.1926,44.0723,0.054,accel_2,1,1500,VIDE,0.0,0.2,0.0,2.838229,-0.698132,-0.0,1,0,25.206,19.619,0.0,0.2,0.0,1.1,3.3,2.0,1.0,0.05,1,1.73823,0.46177,0.0
666,2026-04-24T13:43:26.154Z,S20260424_144242,SC01,AUTO,13.2568,44.1365,0.0642,accel_2,1,1500,VIDE,0.0,0.2,0.0,2.873035,-0.698132,0.0,1,0,27.909,19.843,0.0,0.2,0.0,1.1,3.3,2.0,1.0,0.05,1,1.77303,0.42697,0.0
667,2026-04-24T13:43:26.215Z,S20260424_144242,SC01,AUTO,13.318,44.1977,0.0612,accel_2,1,1500,VIDE,0.0,0.2,0.0,2.907837,-0.698132,0.0,1,0,30.123,23.485,0.0,0.2,0.0,1.1,3.3,2.0,1.0,0.05,1,1.80784,0.39216,0.0
668,2026-04-24T13:43:26.277Z,S20260424_144242,SC01,AUTO,13.3801,44.2598,0.0621,accel_2,1,1500,VIDE,0.0,0.2,0.0,2.942636,-0.698132,-0.0,1,0,18.129,13.817,0.0,0.2,0.0,1.1,3.3,2.0,1.0,0.05,1,1.84264,0.35736,0.0
669,2026-04-24T13:43:26.338Z,S20260424_144242,SC01,AUTO,13.4402,44.3199,0.0602,accel_2,1,1500,VIDE,0.0,0.2,0.0,2.97743,-0.698132,0.0,1,0,25.042,19.264,0.0,0.2,0.0,1.1,3.3,2.0,1.0,0.05,1,1.87743,0.32257,0.0
670,2026-04-24T13:43:26.409Z,S20260424_144242,SC01,AUTO,13.5115,44.3911,0.0712,accel_2,1,1500,VIDE,0.0,0.2,0.0,3.012221,-0.698132,0.0,1,0,30.493,19.232,0.0,0.2,0.0,1.1,3.3,2.0,1.0,0.05,1,1.91222,0.28778,0.0
671,2026-04-24T13:43:26.464Z,S20260424_144242,SC01,AUTO,13.5667,44.4464,0.0553,accel_2,1,1500,VIDE,0.0,0.2,0.0,3.047008,-0.698132,0.0,1,0,17.707,18.982,0.0,0.2,0.0,1.1,3.3,2.0,1.0,0.05,1,1.94701,0.25299,0.0
672,2026-04-24T13:43:26.530Z,S20260424_144242,SC01,AUTO,13.6322,44.5119,0.0655,accel_2,1,1500,VIDE,0.0,0.2,0.0,3.081791,-0.698132,0.0,1,0,22.208,18.96,0.0,0.2,0.0,1.1,3.3,2.0,1.0,0.05,1,1.98179,0.21821,0.0
673,2026-04-24T13:43:26.586Z,S20260424_144242,SC01,AUTO,13.6884,44.5681,0.0561,accel_2,1,1500,VIDE,0.0,0.2,0.0,3.11657,-0.698132,0.0,1,0,25.84,19.871,0.0,0.2,0.0,1.1,3.3,2.0,1.0,0.05,1,2.01657,0.18343,0.0
674,2026-04-24T13:43:26.650Z,S20260424_144242,SC01,AUTO,13.7524,44.6321,0.064,accel_2,1,1500,VIDE,0.0,0.2,0.0,3.151345,-0.698132,0.0,1,0,27.347,19.406,0.0,0.2,0.0,1.1,3.3,2.0,1.0,0.05,1,2.05134,0.14866,0.0
675,2026-04-24T13:43:26.713Z,S20260424_144242,SC01,AUTO,13.8161,44.6958,0.0636,accel_2,1,1500,VIDE,0.0,0.2,0.0,3.186116,-0.698132,-0.0,1,0,11.732,19.377,0.0,0.2,0.0,1.1,3.3,2.0,1.0,0.05,1,2.08612,0.11388,0.0
676,2026-04-24T13:43:26.777Z,S20260424_144242,SC01,AUTO,13.8795,44.7592,0.0635,accel_2,1,1500,VIDE,0.0,0.2,0.0,3.220882,-0.698132,0.0,1,0,16.805,19.193,0.0,0.2,0.0,1.1,3.3,2.0,1.0,0.05,1,2.12088,0.07912,0.0
677,2026-04-24T13:43:26.838Z,S20260424_144242,SC01,AUTO,13.9402,44.8198,0.0606,accel_2,1,1500,VIDE,0.0,0.2,0.0,3.244058,-0.698132,0.0,1,0,40.377,10.335,0.0,0.2,0.0,1.1,3.3,2.0,1.0,0.05,1,2.14406,0.05594,0.0
678,2026-04-24T13:43:26.898Z,S20260424_144242,SC01,AUTO,14.0004,44.8801,0.0603,stabilize,1,1500,VIDE,0.0,0.09,0.0,3.273025,-0.698132,0.0,1,0,13.97,18.255,0.0,0.2,0.0,1.1,3.3,2.0,1.0,0.05,1,2.17302,0.02698,0.0
679,2026-04-24T13:43:26.966Z,S20260424_144242,SC01,AUTO,14.0683,44.948,0.0679,stabilize,1,1500,VIDE,0.0,0.09,0.0,3.307708,-0.698132,0.0,1,0,20.273,20.083,0.0,0.09,0.0,3.3,4.8,2.0,0.5,0.05,1,0.00771,1.49229,0.0
680,2026-04-24T13:43:27.038Z,S20260424_144242,SC01,AUTO,14.1405,45.0202,0.0722,stabilize,1,1500,VIDE,0.0,0.09,0.0,3.353064,-0.698132,0.0,1,0,17.529,19.071,0.0,0.09,0.0,3.3,4.8,2.0,0.5,0.05,1,0.05306,1.44694,0.0
681,2026-04-24T13:43:27.091Z,S20260424_144242,SC01,AUTO,14.1932,45.0729,0.0527,stabilize,1,1500,VIDE,0.0,0.09,0.0,3.366129,-0.698132,-0.0,1,0,32.679,21.595,0.0,0.09,0.0,3.3,4.8,2.0,0.5,0.05,1,0.06613,1.43387,0.0
682,2026-04-24T13:43:27.153Z,S20260424_144242,SC01,AUTO,14.2552,45.1348,0.062,stabilize,1,1500,VIDE,0.0,0.09,0.0,3.38985,-0.698132,-0.0,1,0,21.772,18.549,0.0,0.09,0.0,3.3,4.8,2.0,0.5,0.05,1,0.08985,1.41015,0.0
683,2026-04-24T13:43:27.215Z,S20260424_144242,SC01,AUTO,14.3175,45.1971,0.0623,stabilize,1,1500,VIDE,0.0,0.09,0.0,3.41094,-0.698132,0.0,1,0,26.414,18.141,0.0,0.09,0.0,3.3,4.8,2.0,0.5,0.05,1,0.11094,1.38906,0.0
684,2026-04-24T13:43:27.274Z,S20260424_144242,SC01,AUTO,14.3762,45.2559,0.0587,stabilize,1,1500,VIDE,0.0,0.09,0.0,3.429968,-0.698132,0.0,1,0,29.726,16.563,0.0,0.09,0.0,3.3,4.8,2.0,0.5,0.05,1,0.12997,1.37003,0.0
685,2026-04-24T13:43:27.336Z,S20260424_144242,SC01,AUTO,14.4391,45.3188,0.0629,stabilize,1,1500,VIDE,0.0,0.09,0.0,3.447377,-0.698132,0.0,1,0,15.126,19.645,0.0,0.09,0.0,3.3,4.8,2.0,0.5,0.05,1,0.14738,1.35262,0.0
686,2026-04-24T13:43:27.402Z,S20260424_144242,SC01,AUTO,14.505,45.3847,0.0659,stabilize,1,1500,VIDE,0.0,0.09,0.0,3.463516,-0.698132,0.0,1,0,20.365,18.325,0.0,0.09,0.0,3.3,4.8,2.0,0.5,0.05,1,0.16352,1.33648,0.0
687,2026-04-24T13:43:27.464Z,S20260424_144242,SC01,AUTO,14.5669,45.4466,0.0619,stabilize,1,1500,VIDE,0.0,0.09,0.0,3.478658,-0.698132,0.0,1,0,20.768,19.482,0.0,0.09,0.0,3.3,4.8,2.0,0.5,0.05,1,0.17866,1.32134,0.0
688,2026-04-24T13:43:27.526Z,S20260424_144242,SC01,AUTO,14.6288,45.5085,0.0619,stabilize,1,1500,VIDE,0.0,0.09,0.0,3.488307,-0.698132,0.0,1,0,48.379,33.536,0.0,0.09,0.0,3.3,4.8,2.0,0.5,0.05,1,0.18831,1.31169,0.0
689,2026-04-24T13:43:27.589Z,S20260424_144242,SC01,AUTO,14.6921,45.5718,0.0633,stabilize,1,1500,VIDE,0.0,0.09,0.0,3.49996,-0.698132,0.0,1,0,23.672,17.672,0.0,0.09,0.0,3.3,4.8,2.0,0.5,0.05,1,0.19996,1.30004,0.0
690,2026-04-24T13:43:27.652Z,S20260424_144242,SC01,AUTO,14.7549,45.6345,0.0627,stabilize,1,1500,VIDE,0.0,0.09,0.0,3.513451,-0.698132,0.0,1,0,31.219,19.279,0.0,0.09,0.0,3.3,4.8,2.0,0.5,0.05,1,0.21345,1.28655,0.0
691,2026-04-24T13:43:27.714Z,S20260424_144242,SC01,AUTO,14.8165,45.6961,0.0616,stabilize,1,1500,VIDE,0.0,0.09,0.0,3.526516,-0.698132,0.0,1,0,15.894,16.559,0.0,0.09,0.0,3.3,4.8,2.0,0.5,0.05,1,0.22652,1.27348,0.0
692,2026-04-24T13:43:27.777Z,S20260424_144242,SC01,AUTO,14.8796,45.7593,0.0632,stabilize,1,1500,VIDE,0.0,0.09,0.0,3.539246,-0.698132,0.0,1,0,20.511,16.115,0.0,0.09,0.0,3.3,4.8,2.0,0.5,0.05,1,0.23925,1.26075,0.0
693,2026-04-24T13:43:27.837Z,S20260424_144242,SC01,AUTO,14.9398,45.8195,0.0601,stabilize,1,1500,VIDE,0.0,0.09,0.0,3.551713,-0.698132,0.0,1,0,23.69,18.676,0.0,0.09,0.0,3.3,4.8,2.0,0.5,0.05,1,0.25171,1.24829,0.0
694,2026-04-24T13:43:27.900Z,S20260424_144242,SC01,AUTO,15.0024,45.8821,0.0627,stabilize,1,1500,VIDE,0.0,0.09,0.0,3.563972,-0.698132,0.0,1,0,29.282,19.42,0.0,0.09,0.0,3.3,4.8,2.0,0.5,0.05,1,0.26397,1.23603,0.0
695,2026-04-24T13:43:27.962Z,S20260424_144242,SC01,AUTO,15.065,45.9447,0.0626,stabilize,1,1500,VIDE,0.0,0.09,0.0,3.57607,-0.698132,-0.0,1,0,12.962,19.894,0.0,0.09,0.0,3.3,4.8,2.0,0.5,0.05,1,0.27607,1.22393,0.0
696,2026-04-24T13:43:28.025Z,S20260424_144242,SC01,AUTO,15.1276,46.0073,0.0625,stabilize,1,1500,VIDE,0.0,0.09,0.0,3.588039,-0.698132,0.0,1,0,18.259,19.123,0.0,0.09,0.0,3.3,4.8,2.0,0.5,0.05,1,0.28804,1.21196,0.0
697,2026-04-24T13:43:28.086Z,S20260424_144242,SC01,AUTO,15.1889,46.0686,0.0614,stabilize,1,1500,VIDE,0.0,0.09,0.0,3.599909,-0.698132,0.0,1,0,21.79,18.655,0.0,0.09,0.0,3.3,4.8,2.0,0.5,0.05,1,0.29991,1.20009,0.0
698,2026-04-24T13:43:28.149Z,S20260424_144242,SC01,AUTO,15.2511,46.1308,0.0622,stabilize,1,1500,VIDE,0.0,0.09,0.0,3.611698,-0.698132,0.0,1,0,24.195,20.223,0.0,0.09,0.0,3.3,4.8,2.0,0.5,0.05,1,0.3117,1.1883,0.0
699,2026-04-24T13:43:28.211Z,S20260424_144242,SC01,AUTO,15.3136,46.1933,0.0625,stabilize,1,1500,VIDE,0.0,0.09,0.0,3.623426,-0.698132,0.0,1,0,31.519,19.856,0.0,0.09,0.0,3.3,4.8,2.0,0.5,0.05,1,0.32343,1.17657,0.0
700,2026-04-24T13:43:28.277Z,S20260424_144242,SC01,AUTO,15.3796,46.2593,0.066,stabilize,1,1500,VIDE,0.0,0.09,0.0,3.635104,-0.698132,0.0,1,0,14.243,20.128,0.0,0.09,0.0,3.3,4.8,2.0,0.5,0.05,1,0.3351,1.1649,0.0
701,2026-04-24T13:43:28.337Z,S20260424_144242,SC01,AUTO,15.4395,46.3192,0.0599,stabilize,1,1500,VIDE,0.0,0.09,0.0,3.646743,-0.698132,0.0,1,0,19.666,19.674,0.0,0.09,0.0,3.3,4.8,2.0,0.5,0.05,1,0.34674,1.15326,0.0
702,2026-04-24T13:43:28.399Z,S20260424_144242,SC01,AUTO,15.5016,46.3813,0.0621,stabilize,1,1500,VIDE,0.0,0.09,0.0,3.652551,-0.698132,0.0,1,0,12.261,19.312,0.0,0.09,0.0,3.3,4.8,2.0,0.5,0.05,1,0.35255,1.14745,0.0
703,2026-04-24T13:43:28.464Z,S20260424_144242,SC01,AUTO,15.567,46.4466,0.0653,stabilize,1,1500,VIDE,0.0,0.09,0.0,3.669935,-0.698132,0.0,1,0,27.778,19.088,0.0,0.09,0.0,3.3,4.8,2.0,0.5,0.05,1,0.36994,1.13006,0.0
704,2026-04-24T13:43:28.531Z,S20260424_144242,SC01,AUTO,15.6336,46.5133,0.0666,stabilize,1,1500,VIDE,0.0,0.09,0.0,3.681499,-0.698132,-0.0,1,0,12.526,19.226,0.0,0.09,0.0,3.3,4.8,2.0,0.5,0.05,1,0.3815,1.1185,0.0
705,2026-04-24T13:43:28.586Z,S20260424_144242,SC01,AUTO,15.6884,46.5681,0.0548,stabilize,1,1500,VIDE,0.0,0.09,0.0,3.687275,-0.698132,0.0,1,0,23.891,19.801,0.0,0.09,0.0,3.3,4.8,2.0,0.5,0.05,1,0.38728,1.11272,0.0
706,2026-04-24T13:43:28.650Z,S20260424_144242,SC01,AUTO,15.753,46.6327,0.0646,stabilize,1,1500,VIDE,0.0,0.09,0.0,3.698817,-0.698132,0.0,1,0,28.565,19.542,0.0,0.09,0.0,3.3,4.8,2.0,0.5,0.05,1,0.39882,1.10118,0.0
707,2026-04-24T13:43:28.714Z,S20260424_144242,SC01,AUTO,15.8168,46.6965,0.0637,stabilize,1,1500,VIDE,0.0,0.09,0.0,3.710348,-0.698132,0.0,1,0,11.701,19.429,0.0,0.09,0.0,3.3,4.8,2.0,0.5,0.05,1,0.41035,1.08965,0.0
708,2026-04-24T13:43:28.778Z,S20260424_144242,SC01,AUTO,15.8802,46.7599,0.0635,stabilize,1,1500,VIDE,0.0,0.09,0.0,3.721869,-0.698132,-0.0,1,0,19.884,16.027,0.0,0.09,0.0,3.3,4.8,2.0,0.5,0.05,1,0.42187,1.07813,0.0
709,2026-04-24T13:43:28.837Z,S20260424_144242,SC01,AUTO,15.9397,46.8194,0.0596,stabilize,1,1500,VIDE,0.0,0.09,0.0,3.733382,-0.698132,0.0,1,0,27.256,19.291,0.0,0.09,0.0,3.3,4.8,2.0,0.5,0.05,1,0.43338,1.06662,0.0
710,2026-04-24T13:43:28.899Z,S20260424_144242,SC01,AUTO,16.0014,46.8811,0.0617,stabilize,1,1500,VIDE,0.0,0.09,0.0,3.744889,-0.698132,-0.0,1,0,29.71,19.762,0.0,0.09,0.0,3.3,4.8,2.0,0.5,0.05,1,0.44489,1.05511,0.0
711,2026-04-24T13:43:28.963Z,S20260424_144242,SC01,AUTO,16.066,46.9457,0.0646,stabilize,1,1500,VIDE,0.0,0.09,0.0,3.756391,-0.698132,0.0,1,0,15.281,19.68,0.0,0.09,0.0,3.3,4.8,2.0,0.5,0.05,1,0.45639,1.04361,0.0
712,2026-04-24T13:43:29.029Z,S20260424_144242,SC01,AUTO,16.1313,47.011,0.0653,stabilize,1,1500,VIDE,0.0,0.09,0.0,3.767889,-0.698132,0.0,1,0,20.045,19.54,0.0,0.09,0.0,3.3,4.8,2.0,0.5,0.05,1,0.46789,1.03211,0.0
713,2026-04-24T13:43:29.090Z,S20260424_144242,SC01,AUTO,16.1925,47.0722,0.0611,stabilize,1,1500,VIDE,0.0,0.09,0.0,3.779382,-0.698132,0.0,1,0,24.433,20.431,0.0,0.09,0.0,3.3,4.8,2.0,0.5,0.05,1,0.47938,1.02062,0.0
714,2026-04-24T13:43:29.152Z,S20260424_144242,SC01,AUTO,16.2546,47.1343,0.0621,stabilize,1,1500,VIDE,0.0,0.09,0.0,3.790873,-0.698132,0.0,1,0,10.021,20.5,0.0,0.09,0.0,3.3,4.8,2.0,0.5,0.05,1,0.49087,1.00913,0.0
715,2026-04-24T13:43:29.214Z,S20260424_144242,SC01,AUTO,16.3167,47.1964,0.062,stabilize,1,1500,VIDE,0.0,0.09,0.0,3.80236,-0.698132,0.0,1,0,14.916,19.941,0.0,0.09,0.0,3.3,4.8,2.0,0.5,0.05,1,0.50236,0.99764,0.0
716,2026-04-24T13:43:29.275Z,S20260424_144242,SC01,AUTO,16.3775,47.2572,0.0609,stabilize,1,1500,VIDE,0.0,0.09,0.0,3.813845,-0.698132,-0.0,1,0,17.15,19.874,0.0,0.09,0.0,3.3,4.8,2.0,0.5,0.05,1,0.51384,0.98616,0.0
717,2026-04-24T13:43:29.337Z,S20260424_144242,SC01,AUTO,16.4398,47.3195,0.0622,stabilize,1,1500,VIDE,0.0,0.09,0.0,3.819587,-0.698132,0.0,1,0,26.217,23.691,0.0,0.09,0.0,3.3,4.8,2.0,0.5,0.05,1,0.51959,0.98041,0.0
718,2026-04-24T13:43:29.401Z,S20260424_144242,SC01,AUTO,16.5038,47.3835,0.064,stabilize,1,1500,VIDE,0.0,0.09,0.0,3.831068,-0.698132,0.0,1,0,17.473,19.677,0.0,0.09,0.0,3.3,4.8,2.0,0.5,0.05,1,0.53107,0.96893,0.0
719,2026-04-24T13:43:29.463Z,S20260424_144242,SC01,AUTO,16.5659,47.4456,0.0622,stabilize,1,1500,VIDE,0.0,0.09,0.0,3.842546,-0.698132,0.0,1,0,25.36,19.445,0.0,0.09,0.0,3.3,4.8,2.0,0.5,0.05,1,0.54255,0.95745,0.0
720,2026-04-24T13:43:29.525Z,S20260424_144242,SC01,AUTO,16.6279,47.5076,0.062,stabilize,1,1500,VIDE,0.0,0.09,0.0,3.854023,-0.698132,0.0,1,0,28.268,19.68,0.0,0.09,0.0,3.3,4.8,2.0,0.5,0.05,1,0.55402,0.94598,0.0
721,2026-04-24T13:43:29.587Z,S20260424_144242,SC01,AUTO,16.6898,47.5695,0.0619,stabilize,1,1500,VIDE,0.0,0.09,0.0,3.865499,-0.698132,-0.0,1,0,13.102,20.377,0.0,0.09,0.0,3.3,4.8,2.0,0.5,0.05,1,0.5655,0.9345,0.0
722,2026-04-24T13:43:29.650Z,S20260424_144242,SC01,AUTO,16.7526,47.6323,0.0628,stabilize,1,1500,VIDE,0.0,0.09,0.0,3.876972,-0.698132,0.0,1,0,18.352,19.414,0.0,0.09,0.0,3.3,4.8,2.0,0.5,0.05,1,0.57697,0.92303,0.0
723,2026-04-24T13:43:29.710Z,S20260424_144242,SC01,AUTO,16.8131,47.6927,0.0604,stabilize,1,1500,VIDE,0.0,0.09,0.0,3.888443,-0.698132,-0.0,1,0,25.806,18.51,0.0,0.09,0.0,3.3,4.8,2.0,0.5,0.05,1,0.58844,0.91156,0.0
724,2026-04-24T13:43:29.777Z,S20260424_144242,SC01,AUTO,16.8796,47.7593,0.0666,stabilize,1,1500,VIDE,0.0,0.09,0.0,3.899913,-0.698132,0.0,1,0,27.66,18.511,0.0,0.09,0.0,3.3,4.8,2.0,0.5,0.05,1,0.59991,0.90009,0.0
725,2026-04-24T13:43:29.837Z,S20260424_144242,SC01,AUTO,16.9396,47.8193,0.0599,stabilize,1,1500,VIDE,0.0,0.09,0.0,3.911381,-0.698132,0.0,1,0,29.833,19.761,0.0,0.09,0.0,3.3,4.8,2.0,0.5,0.05,1,0.61138,0.88862,0.0
726,2026-04-24T13:43:29.913Z,S20260424_144242,SC01,AUTO,17.0155,47.8952,0.0759,stabilize,1,1500,VIDE,0.0,0.09,0.0,3.922847,-0.698132,-0.0,1,0,12.101,19.462,0.0,0.09,0.0,3.3,4.8,2.0,0.5,0.05,1,0.62285,0.87715,0.0
727,2026-04-24T13:43:29.962Z,S20260424_144242,SC01,AUTO,17.0642,47.9438,0.0487,stabilize,1,1500,VIDE,0.0,0.09,0.0,3.934311,-0.698132,-0.0,1,0,17.558,16.647,0.0,0.09,0.0,3.3,4.8,2.0,0.5,0.05,1,0.63431,0.86569,0.0
728,2026-04-24T13:43:30.027Z,S20260424_144242,SC01,AUTO,17.1295,48.0092,0.0654,stabilize,1,1500,VIDE,0.0,0.09,0.0,3.945774,-0.698132,0.0,1,0,23.114,18.794,0.0,0.09,0.0,3.3,4.8,2.0,0.5,0.05,1,0.64577,0.85423,0.0
729,2026-04-24T13:43:30.090Z,S20260424_144242,SC01,AUTO,17.193,48.0727,0.0634,stabilize,1,1500,VIDE,0.0,0.09,0.0,3.957235,-0.698132,0.0,1,0,27.014,19.578,0.0,0.09,0.0,3.3,4.8,2.0,0.5,0.05,1,0.65724,0.84276,0.0
730,2026-04-24T13:43:30.154Z,S20260424_144242,SC01,AUTO,17.2564,48.136,0.0634,stabilize,1,1500,VIDE,0.0,0.09,0.0,3.968695,-0.698132,0.0,1,0,11.231,18.892,0.0,0.09,0.0,3.3,4.8,2.0,0.5,0.05,1,0.66869,0.83131,0.0
731,2026-04-24T13:43:30.211Z,S20260424_144242,SC01,AUTO,17.3139,48.1936,0.0576,stabilize,1,1500,VIDE,0.0,0.09,0.0,3.980153,-0.698132,-0.0,1,0,11.863,19.748,0.0,0.09,0.0,3.3,4.8,2.0,0.5,0.05,1,0.68015,0.81985,0.0
732,2026-04-24T13:43:30.274Z,S20260424_144242,SC01,AUTO,17.3764,48.2561,0.0624,stabilize,1,1500,VIDE,0.0,0.09,0.0,3.991609,-0.698132,0.0,1,0,16.113,18.66,0.0,0.09,0.0,3.3,4.8,2.0,0.5,0.05,1,0.69161,0.80839,0.0
733,2026-04-24T13:43:30.336Z,S20260424_144242,SC01,AUTO,17.4384,48.3181,0.062,stabilize,1,1500,VIDE,0.0,0.09,0.0,4.001154,-0.698132,0.0,1,0,38.188,1.096,0.0,0.09,0.0,3.3,4.8,2.0,0.5,0.05,1,0.70115,0.79885,0.0
734,2026-04-24T13:43:30.399Z,S20260424_144242,SC01,AUTO,17.5017,48.3814,0.0633,stabilize,1,1500,VIDE,0.0,0.09,0.0,4.014517,-0.698132,0.0,1,0,20.805,19.315,0.0,0.09,0.0,3.3,4.8,2.0,0.5,0.05,1,0.71452,0.78548,0.0
735,2026-04-24T13:43:30.464Z,S20260424_144242,SC01,AUTO,17.5668,48.4465,0.0651,stabilize,1,1500,VIDE,0.0,0.09,0.0,4.025968,-0.698132,0.0,1,0,24.533,19.208,0.0,0.09,0.0,3.3,4.8,2.0,0.5,0.05,1,0.72597,0.77403,0.0
736,2026-04-24T13:43:30.530Z,S20260424_144242,SC01,AUTO,17.633,48.5127,0.0663,stabilize,1,1500,VIDE,0.0,0.09,0.0,4.037418,-0.698132,0.0,1,0,27.159,20.745,0.0,0.09,0.0,3.3,4.8,2.0,0.5,0.05,1,0.73742,0.76258,0.0
737,2026-04-24T13:43:30.586Z,S20260424_144242,SC01,AUTO,17.6883,48.5679,0.0552,stabilize,1,1500,VIDE,0.0,0.09,0.0,4.043142,-0.698132,0.0,1,0,19.928,19.814,0.0,0.09,0.0,3.3,4.8,2.0,0.5,0.05,1,0.74314,0.75686,0.0
738,2026-04-24T13:43:30.651Z,S20260424_144242,SC01,AUTO,17.7532,48.6329,0.0649,stabilize,1,1500,VIDE,0.0,0.09,0.0,4.054589,-0.698132,0.0,1,0,23.213,20.071,0.0,0.09,0.0,3.3,4.8,2.0,0.5,0.05,1,0.75459,0.74541,0.0
739,2026-04-24T13:43:30.714Z,S20260424_144242,SC01,AUTO,17.8167,48.6964,0.0634,stabilize,1,1500,VIDE,0.0,0.09,0.0,4.067943,-0.698132,-0.0,1,0,34.989,10.229,0.0,0.09,0.0,3.3,4.8,2.0,0.5,0.05,1,0.76794,0.73206,0.0
740,2026-04-24T13:43:30.777Z,S20260424_144242,SC01,AUTO,17.8792,48.7589,0.0626,stabilize,1,1500,VIDE,0.0,0.09,0.0,4.081294,-0.698132,-0.0,1,0,40.262,1.092,0.0,0.09,0.0,3.3,4.8,2.0,0.5,0.05,1,0.78129,0.71871,0.0
741,2026-04-24T13:43:30.836Z,S20260424_144242,SC01,AUTO,17.9391,48.8188,0.0598,stabilize,1,1500,VIDE,0.0,0.09,0.0,4.088922,-0.698132,-0.0,1,0,11.118,19.803,0.0,0.09,0.0,3.3,4.8,2.0,0.5,0.05,1,0.78892,0.71108,0.0
742,2026-04-24T13:43:30.906Z,S20260424_144242,SC01,AUTO,18.0088,48.8884,0.0697,stabilize,1,1500,VIDE,0.0,0.09,0.0,4.106082,-0.698132,0.0,1,0,29.305,19.611,0.0,0.09,0.0,3.3,4.8,2.0,0.5,0.05,1,0.80608,0.69392,0.0
743,2026-04-24T13:43:30.963Z,S20260424_144242,SC01,AUTO,18.0655,48.9452,0.0568,stabilize,1,1500,VIDE,0.0,0.09,0.0,4.111801,-0.698132,0.0,1,0,20.547,19.297,0.0,0.09,0.0,3.3,4.8,2.0,0.5,0.05,1,0.8118,0.6882,0.0
744,2026-04-24T13:43:31.040Z,S20260424_144242,SC01,AUTO,18.1424,49.0221,0.0769,stabilize,1,1500,VIDE,0.0,0.09,0.0,4.128957,-0.698132,0.0,1,0,18.786,19.445,0.0,0.09,0.0,3.3,4.8,2.0,0.5,0.05,1,0.82896,0.67104,0.0
745,2026-04-24T13:43:31.097Z,S20260424_144242,SC01,AUTO,18.1998,49.0794,0.0574,stabilize,1,1500,VIDE,0.0,0.09,0.0,4.13658,-0.698132,0.0,1,0,38.185,11.554,0.0,0.09,0.0,3.3,4.8,2.0,0.5,0.05,1,0.83658,0.66342,0.0
746,2026-04-24T13:43:31.157Z,S20260424_144242,SC01,AUTO,18.2595,49.1391,0.0597,stabilize,1,1500,VIDE,0.0,0.09,0.0,4.146109,-0.698132,0.0,1,0,16.28,18.173,0.0,0.09,0.0,3.3,4.8,2.0,0.5,0.05,1,0.84611,0.65389,0.0
747,2026-04-24T13:43:31.211Z,S20260424_144242,SC01,AUTO,18.3135,49.1932,0.054,stabilize,1,1500,VIDE,0.0,0.09,0.0,4.157541,-0.698132,-0.0,1,0,17.849,19.813,0.0,0.09,0.0,3.3,4.8,2.0,0.5,0.05,1,0.85754,0.64246,0.0
748,2026-04-24T13:43:31.275Z,S20260424_144242,SC01,AUTO,18.3777,49.2574,0.0641,stabilize,1,1500,VIDE,0.0,0.09,0.0,4.168972,-0.698132,0.0,1,0,19.716,17.806,0.0,0.09,0.0,3.3,4.8,2.0,0.5,0.05,1,0.86897,0.63103,0.0
749,2026-04-24T13:43:31.337Z,S20260424_144242,SC01,AUTO,18.4392,49.3189,0.0616,stabilize,1,1500,VIDE,0.0,0.09,0.0,4.180401,-0.698132,0.0,1,0,24.679,13.974,0.0,0.09,0.0,3.3,4.8,2.0,0.5,0.05,1,0.8804,0.6196,0.0
750,2026-04-24T13:43:31.402Z,S20260424_144242,SC01,AUTO,18.5045,49.3842,0.0654,stabilize,1,1500,VIDE,0.0,0.09,0.0,4.191829,-0.698132,0.0,1,0,27.502,20.129,0.0,0.09,0.0,3.3,4.8,2.0,0.5,0.05,1,0.89183,0.60817,0.0
751,2026-04-24T13:43:31.463Z,S20260424_144242,SC01,AUTO,18.5654,49.4451,0.0609,stabilize,1,1500,VIDE,0.0,0.09,0.0,4.203254,-0.698132,-0.0,1,0,8.181,19.655,0.0,0.09,0.0,3.3,4.8,2.0,0.5,0.05,1,0.90325,0.59675,0.0
752,2026-04-24T13:43:31.530Z,S20260424_144242,SC01,AUTO,18.6327,49.5123,0.0672,stabilize,1,1500,VIDE,0.0,0.09,0.0,4.214678,-0.698132,-0.0,1,0,8.937,19.641,0.0,0.09,0.0,3.3,4.8,2.0,0.5,0.05,1,0.91468,0.58532,0.0
753,2026-04-24T13:43:31.594Z,S20260424_144242,SC01,AUTO,18.6964,49.5761,0.0638,stabilize,1,1500,VIDE,0.0,0.09,0.0,4.226101,-0.698132,0.0,1,0,14.048,18.893,0.0,0.09,0.0,3.3,4.8,2.0,0.5,0.05,1,0.9261,0.5739,0.0
754,2026-04-24T13:43:31.657Z,S20260424_144242,SC01,AUTO,18.76,49.6397,0.0635,stabilize,1,1500,VIDE,0.0,0.09,0.0,4.237522,-0.698132,0.0,1,0,16.139,15.995,0.0,0.09,0.0,3.3,4.8,2.0,0.5,0.05,1,0.93752,0.56248,0.0
755,2026-04-24T13:43:31.714Z,S20260424_144242,SC01,AUTO,18.817,49.6967,0.0571,stabilize,1,1500,VIDE,0.0,0.09,0.0,4.24894,-0.698132,-0.0,1,0,18.92,17.981,0.0,0.09,0.0,3.3,4.8,2.0,0.5,0.05,1,0.94894,0.55106,0.0
756,2026-04-24T13:43:31.777Z,S20260424_144242,SC01,AUTO,18.88,49.7597,0.0629,stabilize,1,1500,VIDE,0.0,0.09,0.0,4.260358,-0.698132,0.0,1,0,24.345,14.696,0.0,0.09,0.0,3.3,4.8,2.0,0.5,0.05,1,0.96036,0.53964,0.0
757,2026-04-24T13:43:31.837Z,S20260424_144242,SC01,AUTO,18.9392,49.8189,0.0593,stabilize,1,1500,VIDE,0.0,0.09,0.0,4.271773,-0.698132,-0.0,1,0,30.708,19.234,0.0,0.09,0.0,3.3,4.8,2.0,0.5,0.05,1,0.97177,0.52823,0.0
758,2026-04-24T13:43:31.898Z,S20260424_144242,SC01,AUTO,19.0006,49.8803,0.0613,stabilize,1,1500,VIDE,0.0,0.09,0.0,4.283187,-0.698132,0.0,1,0,13.606,18.758,0.0,0.09,0.0,3.3,4.8,2.0,0.5,0.05,1,0.98319,0.51681,0.0
759,2026-04-24T13:43:31.962Z,S20260424_144242,SC01,AUTO,19.0646,49.9443,0.064,stabilize,1,1500,VIDE,0.0,0.09,0.0,4.2946,-0.698132,0.0,1,0,14.945,20.274,0.0,0.09,0.0,3.3,4.8,2.0,0.5,0.05,1,0.9946,0.5054,0.0
760,2026-04-24T13:43:32.033Z,S20260424_144242,SC01,AUTO,19.1356,50.0153,0.071,stabilize,1,1500,VIDE,0.0,0.09,0.0,4.30601,-0.698132,-0.0,1,0,17.289,18.53,0.0,0.09,0.0,3.3,4.8,2.0,0.5,0.05,1,1.00601,0.49399,0.0
761,2026-04-24T13:43:32.090Z,S20260424_144242,SC01,AUTO,19.1922,50.0719,0.0567,stabilize,1,1500,VIDE,0.0,0.09,0.0,4.317419,-0.698132,0.0,1,0,17.555,16.451,0.0,0.09,0.0,3.3,4.8,2.0,0.5,0.05,1,1.01742,0.48258,0.0
762,2026-04-24T13:43:32.155Z,S20260424_144242,SC01,AUTO,19.2581,50.1378,0.0658,stabilize,1,1500,VIDE,0.0,0.09,0.0,4.328826,-0.698132,0.0,1,0,19.784,18.973,0.0,0.09,0.0,3.3,4.8,2.0,0.5,0.05,1,1.02883,0.47117,0.0
763,2026-04-24T13:43:32.213Z,S20260424_144242,SC01,AUTO,19.3154,50.1951,0.0574,stabilize,1,1500,VIDE,0.0,0.09,0.0,4.340231,-0.698132,0.0,1,0,22.845,13.83,0.0,0.09,0.0,3.3,4.8,2.0,0.5,0.05,1,1.04023,0.45977,0.0
764,2026-04-24T13:43:32.277Z,S20260424_144242,SC01,AUTO,19.3801,50.2597,0.0646,stabilize,1,1500,VIDE,0.0,0.09,0.0,4.351635,-0.698132,0.0,1,0,27.273,18.603,0.0,0.09,0.0,3.3,4.8,2.0,0.5,0.05,1,1.05163,0.44837,0.0
765,2026-04-24T13:43:32.337Z,S20260424_144242,SC01,AUTO,19.4396,50.3193,0.0596,stabilize,1,1500,VIDE,0.0,0.09,0.0,4.363037,-0.698132,0.0,1,0,28.205,18.188,0.0,0.09,0.0,3.3,4.8,2.0,0.5,0.05,1,1.06304,0.43696,0.0
766,2026-04-24T13:43:32.403Z,S20260424_144242,SC01,AUTO,19.5052,50.3849,0.0656,stabilize,1,1500,VIDE,0.0,0.09,0.0,4.374437,-0.698132,0.0,1,0,10.827,19.984,0.0,0.09,0.0,3.3,4.8,2.0,0.5,0.05,1,1.07444,0.42556,0.0
767,2026-04-24T13:43:32.463Z,S20260424_144242,SC01,AUTO,19.5656,50.4453,0.0603,stabilize,1,1500,VIDE,0.0,0.09,0.0,4.385836,-0.698132,0.0,1,0,13.197,19.155,0.0,0.09,0.0,3.3,4.8,2.0,0.5,0.05,1,1.08584,0.41416,0.0
768,2026-04-24T13:43:32.527Z,S20260424_144242,SC01,AUTO,19.6301,50.5097,0.0644,stabilize,1,1500,VIDE,0.0,0.09,0.0,4.397233,-0.698132,-0.0,1,0,11.861,19.575,0.0,0.09,0.0,3.3,4.8,2.0,0.5,0.05,1,1.09723,0.40277,0.0
769,2026-04-24T13:43:32.586Z,S20260424_144242,SC01,AUTO,19.6882,50.5678,0.0582,stabilize,1,1500,VIDE,0.0,0.09,0.0,4.408628,-0.698132,-0.0,1,0,16.752,19.896,0.0,0.09,0.0,3.3,4.8,2.0,0.5,0.05,1,1.10863,0.39137,0.0
770,2026-04-24T13:43:32.650Z,S20260424_144242,SC01,AUTO,19.7523,50.632,0.0642,stabilize,1,1500,VIDE,0.0,0.09,0.0,4.420021,-0.698132,-0.0,1,0,17.835,19.782,0.0,0.09,0.0,3.3,4.8,2.0,0.5,0.05,1,1.12002,0.37998,0.0
771,2026-04-24T13:43:32.713Z,S20260424_144242,SC01,AUTO,19.8158,50.6954,0.0634,stabilize,1,1500,VIDE,0.0,0.09,0.0,4.431412,-0.698132,-0.0,1,0,16.419,19.168,0.0,0.09,0.0,3.3,4.8,2.0,0.5,0.05,1,1.13141,0.36859,0.0
772,2026-04-24T13:43:32.777Z,S20260424_144242,SC01,AUTO,19.8799,50.7596,0.0642,stabilize,1,1500,VIDE,0.0,0.09,0.0,4.442801,-0.698132,0.0,1,0,17.386,17.002,0.0,0.09,0.0,3.3,4.8,2.0,0.5,0.05,1,1.1428,0.3572,0.0
773,2026-04-24T13:43:32.837Z,S20260424_144242,SC01,AUTO,19.9399,50.8196,0.06,stabilize,1,1500,VIDE,0.0,0.09,0.0,4.45419,-0.698132,0.0,1,0,17.839,18.401,0.0,0.09,0.0,3.3,4.8,2.0,0.5,0.05,1,1.15419,0.34581,0.0
774,2026-04-24T13:43:32.901Z,S20260424_144242,SC01,AUTO,20.0038,50.8835,0.0638,stabilize,1,1500,VIDE,0.0,0.09,0.0,4.465576,-0.698132,0.0,1,0,16.221,18.887,0.0,0.09,0.0,3.3,4.8,2.0,0.5,0.05,1,1.16558,0.33442,0.0
775,2026-04-24T13:43:32.962Z,S20260424_144242,SC01,AUTO,20.0649,50.9446,0.0612,stabilize,1,1500,VIDE,0.0,0.09,0.0,4.47696,-0.698132,-0.0,1,0,18.94,20.025,0.0,0.09,0.0,3.3,4.8,2.0,0.5,0.05,1,1.17696,0.32304,0.0
776,2026-04-24T13:43:33.029Z,S20260424_144242,SC01,AUTO,20.1314,51.0111,0.0664,stabilize,1,1500,VIDE,0.0,0.09,0.0,4.494033,-0.698132,0.0,1,0,27.679,18.839,0.0,0.09,0.0,3.3,4.8,2.0,0.5,0.05,1,1.19403,0.30597,0.0
777,2026-04-24T13:43:33.086Z,S20260424_144242,SC01,AUTO,20.1889,51.0686,0.0575,stabilize,1,1500,VIDE,0.0,0.09,0.0,4.505414,-0.698132,-0.0,1,0,28.744,20.514,0.0,0.09,0.0,3.3,4.8,2.0,0.5,0.05,1,1.20541,0.29459,0.0
778,2026-04-24T13:43:33.147Z,S20260424_144242,SC01,AUTO,20.2501,51.1298,0.0612,stabilize,1,1500,VIDE,0.0,0.09,0.0,4.516792,-0.698132,-0.0,1,0,26.546,19.9,0.0,0.09,0.0,3.3,4.8,2.0,0.5,0.05,1,1.21679,0.28321,0.0
779,2026-04-24T13:43:33.214Z,S20260424_144242,SC01,AUTO,20.317,51.1967,0.067,stabilize,1,1500,VIDE,0.0,0.09,0.0,4.528168,-0.698132,0.0,1,0,26.029,19.963,0.0,0.09,0.0,3.3,4.8,2.0,0.5,0.05,1,1.22817,0.27183,0.0
780,2026-04-24T13:43:33.274Z,S20260424_144242,SC01,AUTO,20.3768,51.2565,0.0598,stabilize,1,1500,VIDE,0.0,0.09,0.0,4.539543,-0.698132,0.0,1,0,27.66,16.165,0.0,0.09,0.0,3.3,4.8,2.0,0.5,0.05,1,1.23954,0.26046,0.0
781,2026-04-24T13:43:33.337Z,S20260424_144242,SC01,AUTO,20.4399,51.3195,0.063,stabilize,1,1500,VIDE,0.0,0.09,0.0,4.550916,-0.698132,-0.0,1,0,26.612,16.297,0.0,0.09,0.0,3.3,4.8,2.0,0.5,0.05,1,1.25092,0.24908,0.0
782,2026-04-24T13:43:33.402Z,S20260424_144242,SC01,AUTO,20.5049,51.3846,0.065,stabilize,1,1500,VIDE,0.0,0.09,0.0,4.562287,-0.698132,0.0,1,0,26.117,19.476,0.0,0.09,0.0,3.3,4.8,2.0,0.5,0.05,1,1.26229,0.23771,0.0
783,2026-04-24T13:43:33.464Z,S20260424_144242,SC01,AUTO,20.5664,51.4461,0.0615,stabilize,1,1500,VIDE,0.0,0.09,0.0,4.573656,-0.698132,0.0,1,0,24.655,19.487,0.0,0.09,0.0,3.3,4.8,2.0,0.5,0.05,1,1.27366,0.22634,0.0
784,2026-04-24T13:43:33.530Z,S20260424_144242,SC01,AUTO,20.6329,51.5126,0.0665,stabilize,1,1500,VIDE,0.0,0.09,0.0,4.586918,-0.698132,0.0,1,0,32.226,6.188,0.0,0.09,0.0,3.3,4.8,2.0,0.5,0.05,1,1.28692,0.21308,0.0
785,2026-04-24T13:43:33.594Z,S20260424_144242,SC01,AUTO,20.697,51.5766,0.0641,stabilize,1,1500,VIDE,0.0,0.09,0.0,4.602071,-0.698132,-0.0,1,0,14.486,18.634,0.0,0.09,0.0,3.3,4.8,2.0,0.5,0.05,1,1.30207,0.19793,0.0
786,2026-04-24T13:43:33.657Z,S20260424_144242,SC01,AUTO,20.7601,51.6397,0.063,stabilize,1,1500,VIDE,0.0,0.09,0.0,4.613434,-0.698132,0.0,1,0,15.444,20.516,0.0,0.09,0.0,3.3,4.8,2.0,0.5,0.05,1,1.31343,0.18657,0.0
787,2026-04-24T13:43:33.715Z,S20260424_144242,SC01,AUTO,20.818,51.6977,0.058,stabilize,1,1500,VIDE,0.0,0.09,0.0,4.622902,-0.698132,-0.0,1,0,37.469,1.023,0.0,0.09,0.0,3.3,4.8,2.0,0.5,0.05,1,1.3229,0.1771,0.0
788,2026-04-24T13:43:33.777Z,S20260424_144242,SC01,AUTO,20.8801,51.7597,0.062,stabilize,1,1500,VIDE,0.0,0.09,0.0,4.636155,-0.698132,0.0,1,0,20.126,19.555,0.0,0.09,0.0,3.3,4.8,2.0,0.5,0.05,1,1.33615,0.16385,0.0
789,2026-04-24T13:43:33.837Z,S20260424_144242,SC01,AUTO,20.9392,51.8189,0.0592,stabilize,1,1500,VIDE,0.0,0.09,0.0,4.647512,-0.698132,-0.0,1,0,18.933,18.595,0.0,0.09,0.0,3.3,4.8,2.0,0.5,0.05,1,1.34751,0.15249,0.0
790,2026-04-24T13:43:33.899Z,S20260424_144242,SC01,AUTO,21.0014,51.8811,0.0622,stabilize,1,1500,VIDE,0.0,0.09,0.0,4.658868,-0.698132,0.0,1,0,20.247,19.241,0.0,0.09,0.0,3.3,4.8,2.0,0.5,0.05,1,1.35887,0.14113,0.0
791,2026-04-24T13:43:33.963Z,S20260424_144242,SC01,AUTO,21.0652,51.9449,0.0638,stabilize,1,1500,VIDE,0.0,0.09,0.0,4.670222,-0.698132,0.0,1,0,23.025,18.091,0.0,0.09,0.0,3.3,4.8,2.0,0.5,0.05,1,1.37022,0.12978,0.0
792,2026-04-24T13:43:34.028Z,S20260424_144242,SC01,AUTO,21.1302,52.0099,0.065,stabilize,1,1500,VIDE,0.0,0.09,0.0,4.681574,-0.698132,-0.0,1,0,23.551,19.717,0.0,0.09,0.0,3.3,4.8,2.0,0.5,0.05,1,1.38157,0.11843,0.0
793,2026-04-24T13:43:34.089Z,S20260424_144242,SC01,AUTO,21.1921,52.0718,0.0618,stabilize,1,1500,VIDE,0.0,0.09,0.0,4.692924,-0.698132,0.0,1,0,27.094,19.509,0.0,0.09,0.0,3.3,4.8,2.0,0.5,0.05,1,1.39292,0.10708,0.0
794,2026-04-24T13:43:34.149Z,S20260424_144242,SC01,AUTO,21.2513,52.131,0.0592,stabilize,1,1500,VIDE,0.0,0.09,0.0,4.704272,-0.698132,0.0,1,0,26.667,19.179,0.0,0.09,0.0,3.3,4.8,2.0,0.5,0.05,1,1.40427,0.09573,0.0
795,2026-04-24T13:43:34.214Z,S20260424_144242,SC01,AUTO,21.3164,52.196,0.0651,stabilize,1,1500,VIDE,0.0,0.09,0.0,4.715619,-0.698132,-0.0,1,0,25.556,19.452,0.0,0.09,0.0,3.3,4.8,2.0,0.5,0.05,1,1.41562,0.08438,0.0
796,2026-04-24T13:43:34.278Z,S20260424_144242,SC01,AUTO,21.3802,52.2598,0.0638,stabilize,1,1500,VIDE,0.0,0.09,0.0,4.726964,-0.698132,0.0,1,0,26.205,17.399,0.0,0.09,0.0,3.3,4.8,2.0,0.5,0.05,1,1.42696,0.07304,0.0
797,2026-04-24T13:43:34.337Z,S20260424_144242,SC01,AUTO,21.4396,52.3193,0.0595,stabilize,1,1500,VIDE,0.0,0.09,0.0,4.738307,-0.698132,0.0,1,0,29.654,18.399,0.0,0.09,0.0,3.3,4.8,2.0,0.5,0.05,1,1.43831,0.06169,0.0
798,2026-04-24T13:43:34.407Z,S20260424_144242,SC01,AUTO,21.5099,52.3896,0.0703,stabilize,1,1500,VIDE,0.0,0.09,0.0,4.749647,-0.698132,0.0,1,0,28.787,18.785,0.0,0.09,0.0,3.3,4.8,2.0,0.5,0.05,1,1.44965,0.05035,0.0
799,2026-04-24T13:43:34.465Z,S20260424_144242,SC01,AUTO,21.5675,52.4471,0.0576,stabilize,1,1500,VIDE,0.0,0.09,0.0,4.760986,-0.698132,0.0,1,0,26.723,19.807,0.0,0.09,0.0,3.3,4.8,2.0,0.5,0.05,1,1.46099,0.03901,0.0
800,2026-04-24T13:43:34.530Z,S20260424_144242,SC01,AUTO,21.6326,52.5122,0.0651,stabilize,1,1500,VIDE,0.0,0.09,0.0,4.774213,-0.698132,-0.0,1,0,32.346,6.633,0.0,0.09,0.0,3.3,4.8,2.0,0.5,0.05,1,1.47421,0.02579,0.0
801,2026-04-24T13:43:34.586Z,S20260424_144242,SC01,AUTO,21.6885,52.5682,0.056,stabilize,1,1500,VIDE,0.0,0.09,0.0,4.783659,-0.698132,0.0,1,0,26.047,18.608,0.0,0.09,0.0,3.3,4.8,2.0,0.5,0.05,1,1.48366,0.01634,0.0
802,2026-04-24T13:43:34.650Z,S20260424_144242,SC01,AUTO,21.7531,52.6328,0.0646,stabilize,1,1500,VIDE,0.0,0.09,0.0,4.794992,-0.698132,-0.0,1,0,27.687,19.018,0.0,0.09,0.0,3.3,4.8,2.0,0.5,0.05,1,1.49499,0.00501,0.0
803,2026-04-24T13:43:34.714Z,S20260424_144242,SC01,AUTO,21.8167,52.6963,0.0635,stabilize,1,1500,VIDE,0.0,0.09,0.0,4.808213,-0.698132,0.0,1,0,36.765,9.109,0.0,0.09,0.0,3.3,4.8,2.0,0.5,0.05,0,1.50821,-0.00821,0.0
804,2026-04-24T13:43:34.777Z,S20260424_144242,SC01,AUTO,21.8793,52.759,0.0627,stabilize,1,1500,VIDE,0.0,0.09,0.0,4.823318,-0.698132,0.0,1,0,17.54,19.07,0.0,0.09,0.0,3.3,4.8,2.0,0.5,0.05,0,1.52332,-0.02332,0.0
805,2026-04-24T13:43:34.837Z,S20260424_144242,SC01,AUTO,21.9392,52.8188,0.0598,stabilize,1,1500,VIDE,0.0,0.09,0.0,4.834645,-0.698132,0.0,1,0,18.748,18.459,0.0,0.09,0.0,3.3,4.8,2.0,0.5,0.05,0,1.53464,-0.03464,0.0
806,2026-04-24T13:43:34.901Z,S20260424_144242,SC01,AUTO,22.0041,52.8838,0.0649,hold,1,1500,VIDE,0.0,0.03,0.0,4.84597,-0.698132,0.0,1,0,16.448,19.395,0.0,0.03,0.0,4.1,5.0,2.0,0.5,0.05,1,0.74597,0.15403,0.0
807,2026-04-24T13:43:34.963Z,S20260424_144242,SC01,AUTO,22.0656,52.9453,0.0615,hold,1,1500,VIDE,0.0,0.03,0.0,4.856932,-0.698132,-0.0,1,0,15.618,19.987,0.0,0.03,0.0,4.1,5.0,2.0,0.5,0.05,1,0.75693,0.14307,0.0
808,2026-04-24T13:43:35.026Z,S20260424_144242,SC01,AUTO,22.1289,53.0086,0.0633,hold,1,1500,VIDE,0.0,0.03,0.0,4.865562,-0.698132,-0.0,1,0,15.721,18.693,0.0,0.03,0.0,4.1,5.0,2.0,0.5,0.05,1,0.76556,0.13444,0.0
809,2026-04-24T13:43:35.086Z,S20260424_144242,SC01,AUTO,22.1889,53.0686,0.06,hold,1,1500,VIDE,0.0,0.03,0.0,4.872043,-0.698132,0.0,1,0,16.531,19.033,0.0,0.03,0.0,4.1,5.0,2.0,0.5,0.05,1,0.77204,0.12796,0.0
810,2026-04-24T13:43:35.149Z,S20260424_144242,SC01,AUTO,22.2517,53.1313,0.0627,hold,1,1500,VIDE,0.0,0.03,0.0,4.876838,-0.698132,0.0,1,0,13.051,19.494,0.0,0.03,0.0,4.1,5.0,2.0,0.5,0.05,1,0.77684,0.12316,0.0
811,2026-04-24T13:43:35.213Z,S20260424_144242,SC01,AUTO,22.3152,53.1949,0.0636,hold,1,1500,VIDE,0.0,0.03,0.0,4.880311,-0.698132,0.0,1,0,15.709,19.369,0.0,0.03,0.0,4.1,5.0,2.0,0.5,0.05,1,0.78031,0.11969,0.0
812,2026-04-24T13:43:35.274Z,S20260424_144242,SC01,AUTO,22.3762,53.2559,0.0611,hold,1,1500,VIDE,0.0,0.03,0.0,4.882748,-0.698132,0.0,1,0,17.516,17.569,0.0,0.03,0.0,4.1,5.0,2.0,0.5,0.05,1,0.78275,0.11725,0.0
813,2026-04-24T13:43:35.337Z,S20260424_144242,SC01,AUTO,22.4395,53.3192,0.0633,hold,1,1500,VIDE,0.0,0.03,0.0,4.884371,-0.698132,0.0,1,0,19.445,15.92,0.0,0.03,0.0,4.1,5.0,2.0,0.5,0.05,1,0.78437,0.11563,0.0
814,2026-04-24T13:43:35.402Z,S20260424_144242,SC01,AUTO,22.5044,53.3841,0.0649,hold,1,1500,VIDE,0.0,0.03,0.0,4.885356,-0.698132,0.0,1,0,21.711,19.299,0.0,0.03,0.0,4.1,5.0,2.0,0.5,0.05,1,0.78536,0.11464,0.0
815,2026-04-24T13:43:35.464Z,S20260424_144242,SC01,AUTO,22.5667,53.4464,0.0623,hold,1,1500,VIDE,0.0,0.03,0.0,4.885841,-0.698132,0.0,1,0,19.718,19.725,0.0,0.03,0.0,4.1,5.0,2.0,0.5,0.05,1,0.78584,0.11416,0.0
816,2026-04-24T13:43:35.531Z,S20260424_144242,SC01,AUTO,22.6333,53.5129,0.0666,hold,1,1500,VIDE,0.0,0.03,0.0,4.885859,-0.698132,0.0,1,0,11.021,18.929,0.0,0.03,0.0,4.1,5.0,2.0,0.5,0.05,1,0.78586,0.11414,0.0
817,2026-04-24T13:43:35.592Z,S20260424_144242,SC01,AUTO,22.6942,53.5739,0.061,hold,1,1500,VIDE,0.0,0.03,0.0,4.885516,-0.698132,0.0,1,0,11.95,19.01,0.0,0.03,0.0,4.1,5.0,2.0,0.5,0.05,1,0.78552,0.11448,0.0
818,2026-04-24T13:43:35.648Z,S20260424_144242,SC01,AUTO,22.7509,53.6305,0.0566,hold,1,1500,VIDE,0.0,0.03,0.0,4.885261,-0.698132,0.0,1,0,23.463,20.245,0.0,0.03,0.0,4.1,5.0,2.0,0.5,0.05,1,0.78526,0.11474,0.0
819,2026-04-24T13:43:35.713Z,S20260424_144242,SC01,AUTO,22.8157,53.6954,0.0649,hold,1,1500,VIDE,0.0,0.03,0.0,4.884234,-0.698132,0.0,1,0,11.398,18.961,0.0,0.03,0.0,4.1,5.0,2.0,0.5,0.05,1,0.78423,0.11577,0.0
820,2026-04-24T13:43:35.776Z,S20260424_144242,SC01,AUTO,22.8787,53.7584,0.063,hold,1,1500,VIDE,0.0,0.03,0.0,4.883379,-0.698132,0.0,1,0,13.579,18.834,0.0,0.03,0.0,4.1,5.0,2.0,0.5,0.05,1,0.78338,0.11662,0.0
821,2026-04-24T13:43:35.837Z,S20260424_144242,SC01,AUTO,22.9398,53.8194,0.061,hold,1,1500,VIDE,0.0,0.03,0.0,4.882419,-0.698132,0.0,1,0,11.202,20.069,0.0,0.03,0.0,4.1,5.0,2.0,0.5,0.05,1,0.78242,0.11758,0.0
822,2026-04-24T13:43:35.898Z,S20260424_144242,SC01,AUTO,23.001,53.8807,0.0612,hold,1,1500,VIDE,0.0,0.03,0.0,4.881379,-0.698132,0.0,1,0,9.279,19.912,0.0,0.03,0.0,4.1,5.0,2.0,0.5,0.05,1,0.78138,0.11862,0.0
823,2026-04-24T13:43:35.962Z,S20260424_144242,SC01,AUTO,23.0649,53.9446,0.0639,hold,1,1500,VIDE,0.0,0.03,0.0,4.880276,-0.698132,0.0,1,0,28.078,18.846,0.0,0.03,0.0,4.1,5.0,2.0,0.5,0.05,1,0.78028,0.11972,0.0
824,2026-04-24T13:43:36.036Z,S20260424_144242,SC01,AUTO,23.1389,54.0186,0.074,hold,1,1500,VIDE,0.0,0.03,0.0,4.878531,-0.698132,0.0,1,0,16.589,19.247,0.0,0.03,0.0,4.1,5.0,2.0,0.5,0.05,1,0.77853,0.12147,0.0
825,2026-04-24T13:43:36.089Z,S20260424_144242,SC01,AUTO,23.192,54.0717,0.0531,hold,1,1500,VIDE,0.0,0.03,0.0,4.877932,-0.698132,0.0,1,0,25.492,20.568,0.0,0.03,0.0,4.1,5.0,2.0,0.5,0.05,1,0.77793,0.12207,0.0
826,2026-04-24T13:43:36.151Z,S20260424_144242,SC01,AUTO,23.2537,54.1334,0.0617,hold,1,1500,VIDE,0.0,0.03,0.0,4.876089,-0.698132,0.0,1,0,13.337,19.183,0.0,0.03,0.0,4.1,5.0,2.0,0.5,0.05,1,0.77609,0.12391,0.0
827,2026-04-24T13:43:36.213Z,S20260424_144242,SC01,AUTO,23.3152,54.1949,0.0615,hold,1,1500,VIDE,0.0,0.03,0.0,4.874833,-0.698132,-0.0,1,0,9.344,19.804,0.0,0.03,0.0,4.1,5.0,2.0,0.5,0.05,1,0.77483,0.12517,0.0
828,2026-04-24T13:43:36.274Z,S20260424_144242,SC01,AUTO,23.377,54.2566,0.0617,hold,1,1500,VIDE,0.0,0.03,0.0,4.873561,-0.698132,0.0,1,0,27.086,17.419,0.0,0.03,0.0,4.1,5.0,2.0,0.5,0.05,1,0.77356,0.12644,0.0
829,2026-04-24T13:43:36.337Z,S20260424_144242,SC01,AUTO,23.4395,54.3192,0.0626,hold,1,1500,VIDE,0.0,0.03,0.0,4.872276,-0.698132,0.0,1,0,25.751,16.934,0.0,0.03,0.0,4.1,5.0,2.0,0.5,0.05,1,0.77228,0.12772,0.0
830,2026-04-24T13:43:36.399Z,S20260424_144242,SC01,AUTO,23.5021,54.3818,0.0625,hold,1,1500,VIDE,0.0,0.03,0.0,4.87098,-0.698132,0.0,1,0,24.192,18.927,0.0,0.03,0.0,4.1,5.0,2.0,0.5,0.05,1,0.77098,0.12902,0.0
831,2026-04-24T13:43:36.462Z,S20260424_144242,SC01,AUTO,23.5644,54.4441,0.0623,hold,1,1500,VIDE,0.0,0.03,0.0,4.869677,-0.698132,-0.0,1,0,22.191,18.816,0.0,0.03,0.0,4.1,5.0,2.0,0.5,0.05,1,0.76968,0.13032,0.0
832,2026-04-24T13:43:36.524Z,S20260424_144242,SC01,AUTO,23.6263,54.5061,0.0619,hold,1,1500,VIDE,0.0,0.03,0.0,4.868368,-0.698132,-0.0,1,0,21.877,19.491,0.0,0.03,0.0,4.1,5.0,2.0,0.5,0.05,1,0.76837,0.13163,0.0
833,2026-04-24T13:43:36.585Z,S20260424_144242,SC01,AUTO,23.688,54.5677,0.0617,hold,1,1500,VIDE,0.0,0.03,0.0,4.867054,-0.698132,0.0,1,0,23.369,18.339,0.0,0.03,0.0,4.1,5.0,2.0,0.5,0.05,1,0.76705,0.13295,0.0
834,2026-04-24T13:43:36.648Z,S20260424_144242,SC01,AUTO,23.7507,54.6303,0.0626,hold,1,1500,VIDE,0.0,0.03,0.0,4.865077,-0.698132,0.0,1,0,8.608,19.081,0.0,0.03,0.0,4.1,5.0,2.0,0.5,0.05,1,0.76508,0.13492,0.0
835,2026-04-24T13:43:36.712Z,S20260424_144242,SC01,AUTO,23.8143,54.694,0.0637,hold,1,1500,VIDE,0.0,0.03,0.0,4.863755,-0.698132,0.0,1,0,27.248,19.089,0.0,0.03,0.0,4.1,5.0,2.0,0.5,0.05,1,0.76375,0.13625,0.0
836,2026-04-24T13:43:36.773Z,S20260424_144242,SC01,AUTO,23.876,54.7556,0.0616,hold,1,1500,VIDE,0.0,0.03,0.0,4.862431,-0.698132,0.0,1,0,23.507,19.838,0.0,0.03,0.0,4.1,5.0,2.0,0.5,0.05,1,0.76243,0.13757,0.0
837,2026-04-24T13:43:36.836Z,S20260424_144242,SC01,AUTO,23.9384,54.8181,0.0625,hold,1,1500,VIDE,0.0,0.03,0.0,4.861106,-0.698132,-0.0,1,0,23.84,16.284,0.0,0.03,0.0,4.1,5.0,2.0,0.5,0.05,1,0.76111,0.13889,0.0
838,2026-04-24T13:43:36.898Z,S20260424_144242,SC01,AUTO,24.0008,54.8804,0.0624,hold,1,1500,VIDE,0.0,0.03,0.0,4.85978,-0.698132,0.0,1,0,11.924,19.129,0.0,0.03,0.0,4.1,5.0,2.0,0.5,0.05,1,0.75978,0.14022,0.0
839,2026-04-24T13:43:36.960Z,S20260424_144242,SC01,AUTO,24.063,54.9427,0.0623,hold,1,1500,VIDE,0.0,0.03,0.0,4.858453,-0.698132,0.0,1,0,10.223,19.966,0.0,0.03,0.0,4.1,5.0,2.0,0.5,0.05,1,0.75845,0.14155,0.0
840,2026-04-24T13:43:37.036Z,S20260424_144242,SC01,AUTO,24.1386,55.0182,0.0756,hold,1,1500,VIDE,0.0,0.03,0.0,4.856462,-0.698132,-0.0,1,0,15.206,19.085,0.0,0.03,0.0,4.1,5.0,2.0,0.5,0.05,1,0.75646,0.14354,0.0
841,2026-04-24T13:43:37.085Z,S20260424_144242,SC01,AUTO,24.1881,55.0678,0.0495,hold,1,1500,VIDE,0.0,0.03,0.0,4.855798,-0.698132,-0.0,1,0,20.563,25.327,0.0,0.03,0.0,4.1,5.0,2.0,0.5,0.05,1,0.7558,0.1442,0.0
842,2026-04-24T13:43:37.148Z,S20260424_144242,SC01,AUTO,24.251,55.1307,0.063,hold,1,1500,VIDE,0.0,0.03,0.0,4.85447,-0.698132,0.0,1,0,29.001,18.705,0.0,0.03,0.0,4.1,5.0,2.0,0.5,0.05,1,0.75447,0.14553,0.0
843,2026-04-24T13:43:37.213Z,S20260424_144242,SC01,AUTO,24.316,55.1957,0.065,hold,1,1500,VIDE,0.0,0.03,0.0,4.852478,-0.698132,0.0,1,0,16.689,19.097,0.0,0.03,0.0,4.1,5.0,2.0,0.5,0.05,1,0.75248,0.14752,0.0
844,2026-04-24T13:43:37.274Z,S20260424_144242,SC01,AUTO,24.377,55.2567,0.0609,hold,1,1500,VIDE,0.0,0.03,0.0,4.851149,-0.698132,0.0,1,0,13.978,19.943,0.0,0.03,0.0,4.1,5.0,2.0,0.5,0.05,1,0.75115,0.14885,0.0
845,2026-04-24T13:43:37.336Z,S20260424_144242,SC01,AUTO,24.4391,55.3188,0.0622,hold,1,1500,VIDE,0.0,0.03,0.0,4.849821,-0.698132,-0.0,1,0,10.43,19.928,0.0,0.03,0.0,4.1,5.0,2.0,0.5,0.05,1,0.74982,0.15018,0.0
846,2026-04-24T13:43:37.402Z,S20260424_144242,SC01,AUTO,24.5042,55.3839,0.0651,hold,1,1500,VIDE,0.0,0.03,0.0,4.848493,-0.698132,0.0,1,0,30.879,19.99,0.0,0.03,0.0,4.1,5.0,2.0,0.5,0.05,1,0.74849,0.15151,0.0
847,2026-04-24T13:43:37.464Z,S20260424_144242,SC01,AUTO,24.5662,55.4459,0.062,hold,1,1500,VIDE,0.0,0.03,0.0,4.847164,-0.698132,0.0,1,0,5.434,19.623,0.0,0.03,0.0,4.1,5.0,2.0,0.5,0.05,1,0.74716,0.15284,0.0
848,2026-04-24T13:43:37.530Z,S20260424_144242,SC01,AUTO,24.6327,55.5124,0.0665,hold,1,1500,VIDE,0.0,0.03,0.0,4.845172,-0.698132,-0.0,1,0,9.154,20.92,0.0,0.03,0.0,4.1,5.0,2.0,0.5,0.05,1,0.74517,0.15483,0.0
849,2026-04-24T13:43:37.594Z,S20260424_144242,SC01,AUTO,24.6967,55.5764,0.0641,hold,1,1500,VIDE,0.0,0.03,0.0,4.843844,-0.698132,-0.0,1,0,10.061,20.159,0.0,0.03,0.0,4.1,5.0,2.0,0.5,0.05,1,0.74384,0.15616,0.0
850,2026-04-24T13:43:37.657Z,S20260424_144242,SC01,AUTO,24.7597,55.6393,0.0629,hold,1,1500,VIDE,0.0,0.03,0.0,4.842516,-0.698132,-0.0,1,0,25.794,16.931,0.0,0.03,0.0,4.1,5.0,2.0,0.5,0.05,1,0.74252,0.15748,0.0
851,2026-04-24T13:43:37.713Z,S20260424_144242,SC01,AUTO,24.8153,55.695,0.0557,hold,1,1500,VIDE,0.0,0.03,0.0,4.841189,-0.698132,-0.0,1,0,21.376,19.857,0.0,0.03,0.0,4.1,5.0,2.0,0.5,0.05,1,0.74119,0.15881,0.0
852,2026-04-24T13:43:37.777Z,S20260424_144242,SC01,AUTO,24.8801,55.7598,0.0648,hold,1,1500,VIDE,0.0,0.03,0.0,4.839861,-0.698132,0.0,1,0,18.395,17.441,0.0,0.03,0.0,4.1,5.0,2.0,0.5,0.05,1,0.73986,0.16014,0.0
853,2026-04-24T13:43:37.837Z,S20260424_144242,SC01,AUTO,24.9397,55.8194,0.0596,hold,1,1500,VIDE,0.0,0.03,0.0,4.838534,-0.698132,0.0,1,0,15.876,18.851,0.0,0.03,0.0,4.1,5.0,2.0,0.5,0.05,1,0.73853,0.16147,0.0
854,2026-04-24T13:43:37.909Z,S20260424_144242,SC01,AUTO,25.0112,55.8908,0.0714,hold,1,1500,VIDE,0.0,0.03,0.0,4.836544,-0.698132,-0.0,1,0,22.57,19.891,0.0,0.03,0.0,4.1,5.0,2.0,0.5,0.05,1,0.73654,0.16346,0.0
855,2026-04-24T13:43:37.962Z,S20260424_144242,SC01,AUTO,25.0648,55.9445,0.0536,hold,1,1500,VIDE,0.0,0.03,0.0,4.835217,-0.698132,-0.0,1,0,17.421,18.784,0.0,0.03,0.0,4.1,5.0,2.0,0.5,0.05,1,0.73522,0.16478,0.0
856,2026-04-24T13:43:38.028Z,S20260424_144242,SC01,AUTO,25.1306,56.0103,0.0658,hold,1,1500,VIDE,0.0,0.03,0.0,4.833891,-0.698132,-0.0,1,0,12.826,18.77,0.0,0.03,0.0,4.1,5.0,2.0,0.5,0.05,1,0.73389,0.16611,0.0
857,2026-04-24T13:43:38.091Z,S20260424_144242,SC01,AUTO,25.1933,56.0729,0.0626,hold,1,1500,VIDE,0.0,0.03,0.0,4.832565,-0.698132,-0.0,1,0,13.837,19.149,0.0,0.03,0.0,4.1,5.0,2.0,0.5,0.05,1,0.73256,0.16744,0.0
858,2026-04-24T13:43:38.154Z,S20260424_144242,SC01,AUTO,25.2565,56.1362,0.0633,hold,1,1500,VIDE,0.0,0.03,0.0,4.831239,-0.698132,-0.0,1,0,11.036,19.638,0.0,0.03,0.0,4.1,5.0,2.0,0.5,0.05,1,0.73124,0.16876,0.0
859,2026-04-24T13:43:38.214Z,S20260424_144242,SC01,AUTO,25.3167,56.1964,0.0603,hold,1,1500,VIDE,0.0,0.03,0.0,4.82925,-0.698132,-0.0,1,0,15.316,19.388,0.0,0.03,0.0,4.1,5.0,2.0,0.5,0.05,1,0.72925,0.17075,0.0
860,2026-04-24T13:43:38.277Z,S20260424_144242,SC01,AUTO,25.3798,56.2594,0.0631,hold,1,1500,VIDE,0.0,0.03,0.0,4.827924,-0.698132,-0.0,1,0,13.563,20.35,0.0,0.03,0.0,4.1,5.0,2.0,0.5,0.05,1,0.72792,0.17208,0.0
861,2026-04-24T13:43:38.337Z,S20260424_144242,SC01,AUTO,25.4399,56.3196,0.0601,hold,1,1500,VIDE,0.0,0.03,0.0,4.826599,-0.698132,-0.0,1,0,10.641,19.564,0.0,0.03,0.0,4.1,5.0,2.0,0.5,0.05,1,0.7266,0.1734,0.0
862,2026-04-24T13:43:38.407Z,S20260424_144242,SC01,AUTO,25.5094,56.389,0.0694,hold,1,1500,VIDE,0.0,0.03,0.0,4.825274,-0.698132,0.0,1,0,9.892,19.614,0.0,0.03,0.0,4.1,5.0,2.0,0.5,0.05,1,0.72527,0.17473,0.0
863,2026-04-24T13:43:38.464Z,S20260424_144242,SC01,AUTO,25.5669,56.4466,0.0576,hold,1,1500,VIDE,0.0,0.03,0.0,4.823949,-0.698132,-0.0,1,0,6.684,20.64,0.0,0.03,0.0,4.1,5.0,2.0,0.5,0.05,1,0.72395,0.17605,0.0
864,2026-04-24T13:43:38.529Z,S20260424_144242,SC01,AUTO,25.6319,56.5116,0.0649,hold,1,1500,VIDE,0.0,0.03,0.0,4.822625,-0.698132,-0.0,1,0,25.875,19.899,0.0,0.03,0.0,4.1,5.0,2.0,0.5,0.05,1,0.72262,0.17738,0.0
865,2026-04-24T13:43:38.586Z,S20260424_144242,SC01,AUTO,25.6884,56.5681,0.0565,hold,1,1500,VIDE,0.0,0.03,0.0,4.8213,-0.698132,-0.0,1,0,24.049,18.462,0.0,0.03,0.0,4.1,5.0,2.0,0.5,0.05,1,0.7213,0.1787,0.0
866,2026-04-24T13:43:38.649Z,S20260424_144242,SC01,AUTO,25.7521,56.6317,0.0637,hold,1,1500,VIDE,0.0,0.03,0.0,4.819314,-0.698132,0.0,1,0,9.238,19.365,0.0,0.03,0.0,4.1,5.0,2.0,0.5,0.05,1,0.71931,0.18069,0.0
867,2026-04-24T13:43:38.713Z,S20260424_144242,SC01,AUTO,25.8158,56.6955,0.0637,hold,1,1500,VIDE,0.0,0.03,0.0,4.81799,-0.698132,0.0,1,0,26.464,19.194,0.0,0.03,0.0,4.1,5.0,2.0,0.5,0.05,1,0.71799,0.18201,0.0
868,2026-04-24T13:43:38.777Z,S20260424_144242,SC01,AUTO,25.8801,56.7598,0.0643,hold,1,1500,VIDE,0.0,0.03,0.0,4.816667,-0.698132,0.0,1,0,20.526,17.505,0.0,0.03,0.0,4.1,5.0,2.0,0.5,0.05,1,0.71667,0.18333,0.0
869,2026-04-24T13:43:38.837Z,S20260424_144242,SC01,AUTO,25.9395,56.8192,0.0594,hold,1,1500,VIDE,0.0,0.03,0.0,4.815343,-0.698132,-0.0,1,0,19.27,18.656,0.0,0.03,0.0,4.1,5.0,2.0,0.5,0.05,1,0.71534,0.18466,0.0
870,2026-04-24T13:43:38.904Z,S20260424_144242,SC01,AUTO,26.0062,56.8859,0.0667,hold,1,1500,VIDE,0.0,0.03,0.0,4.813358,-0.698132,-0.0,1,0,23.496,19.435,0.0,0.03,0.0,4.1,5.0,2.0,0.5,0.05,1,0.71336,0.18664,0.0
871,2026-04-24T13:43:38.963Z,S20260424_144242,SC01,AUTO,26.0661,56.9458,0.0599,hold,1,1500,VIDE,0.0,0.03,0.0,4.812036,-0.698132,-0.0,1,0,19.276,18.756,0.0,0.03,0.0,4.1,5.0,2.0,0.5,0.05,1,0.71204,0.18796,0.0
872,2026-04-24T13:43:39.030Z,S20260424_144242,SC01,AUTO,26.1331,57.0128,0.067,hold,1,1500,VIDE,0.0,0.03,0.0,4.810713,-0.698132,-0.0,1,0,17.142,18.788,0.0,0.03,0.0,4.1,5.0,2.0,0.5,0.05,1,0.71071,0.18929,0.0
873,2026-04-24T13:43:39.091Z,S20260424_144242,SC01,AUTO,26.1939,57.0736,0.0608,hold,1,1500,VIDE,0.0,0.03,0.0,4.809391,-0.698132,-0.0,1,0,11.819,20.236,0.0,0.03,0.0,4.1,5.0,2.0,0.5,0.05,1,0.70939,0.19061,0.0
874,2026-04-24T13:43:39.153Z,S20260424_144242,SC01,AUTO,26.2554,57.1351,0.0615,hold,1,1500,VIDE,0.0,0.03,0.0,4.808068,-0.698132,-0.0,1,0,12.102,17.2,0.0,0.03,0.0,4.1,5.0,2.0,0.5,0.05,1,0.70807,0.19193,0.0
875,2026-04-24T13:43:39.210Z,S20260424_144242,SC01,AUTO,26.3129,57.1926,0.0576,hold,1,1500,VIDE,0.0,0.03,0.0,4.806746,-0.698132,-0.0,1,0,27.388,21.08,0.0,0.03,0.0,4.1,5.0,2.0,0.5,0.05,1,0.70675,0.19325,0.0
876,2026-04-24T13:43:39.274Z,S20260424_144242,SC01,AUTO,26.377,57.2566,0.064,hold,1,1500,VIDE,0.0,0.03,0.0,4.804763,-0.698132,-0.0,1,0,11.882,19.974,0.0,0.03,0.0,4.1,5.0,2.0,0.5,0.05,1,0.70476,0.19524,0.0
877,2026-04-24T13:43:39.338Z,S20260424_144242,SC01,AUTO,26.4402,57.3199,0.0633,hold,1,1500,VIDE,0.0,0.03,0.0,4.803442,-0.698132,0.0,1,0,8.006,20.107,0.0,0.03,0.0,4.1,5.0,2.0,0.5,0.05,1,0.70344,0.19656,0.0
878,2026-04-24T13:43:39.402Z,S20260424_144242,SC01,AUTO,26.5046,57.3843,0.0644,hold,1,1500,VIDE,0.0,0.03,0.0,4.802121,-0.698132,-0.0,1,0,24.63,19.11,0.0,0.03,0.0,4.1,5.0,2.0,0.5,0.05,1,0.70212,0.19788,0.0
879,2026-04-24T13:43:39.464Z,S20260424_144242,SC01,AUTO,26.567,57.4466,0.0624,hold,1,1500,VIDE,0.0,0.03,0.0,4.8008,-0.698132,-0.0,1,0,24.033,19.482,0.0,0.03,0.0,4.1,5.0,2.0,0.5,0.05,1,0.7008,0.1992,0.0
880,2026-04-24T13:43:39.525Z,S20260424_144242,SC01,AUTO,26.6278,57.5074,0.0608,hold,1,1500,VIDE,0.0,0.03,0.0,4.798819,-0.698132,-0.0,1,0,5.654,19.901,0.0,0.03,0.0,4.1,5.0,2.0,0.5,0.05,1,0.69882,0.20118,0.0
881,2026-04-24T13:43:39.588Z,S20260424_144242,SC01,AUTO,26.6902,57.5699,0.0625,hold,1,1500,VIDE,0.0,0.03,0.0,4.797498,-0.698132,-0.0,1,0,23.849,18.795,0.0,0.03,0.0,4.1,5.0,2.0,0.5,0.05,1,0.6975,0.2025,0.0
882,2026-04-24T13:43:39.649Z,S20260424_144242,SC01,AUTO,26.7511,57.6308,0.0609,hold,1,1500,VIDE,0.0,0.03,0.0,4.796178,-0.698132,-0.0,1,0,19.576,19.338,0.0,0.03,0.0,4.1,5.0,2.0,0.5,0.05,1,0.69618,0.20382,0.0
883,2026-04-24T13:43:39.714Z,S20260424_144242,SC01,AUTO,26.8163,57.696,0.0652,hold,1,1500,VIDE,0.0,0.03,0.0,4.794858,-0.698132,0.0,1,0,31.959,18.913,0.0,0.03,0.0,4.1,5.0,2.0,0.5,0.05,1,0.69486,0.20514,0.0
884,2026-04-24T13:43:39.777Z,S20260424_144242,SC01,AUTO,26.8794,57.7591,0.0631,hold,1,1500,VIDE,0.0,0.03,0.0,4.793538,-0.698132,-0.0,1,0,8.043,19.515,0.0,0.03,0.0,4.1,5.0,2.0,0.5,0.05,1,0.69354,0.20646,0.0
885,2026-04-24T13:43:39.837Z,S20260424_144242,SC01,AUTO,26.9394,57.819,0.06,hold,1,1500,VIDE,0.0,0.03,0.0,4.792218,-0.698132,-0.0,1,0,24.511,17.836,0.0,0.03,0.0,4.1,5.0,2.0,0.5,0.05,1,0.69222,0.20778,0.0
886,2026-04-24T13:43:39.899Z,S20260424_144242,SC01,AUTO,27.0012,57.8809,0.0618,hold,1,1500,VIDE,0.0,0.03,0.0,4.790899,-0.698132,-0.0,1,0,21.126,19.152,0.0,0.03,0.0,4.1,5.0,2.0,0.5,0.05,1,0.6909,0.2091,0.0
887,2026-04-24T13:43:39.962Z,S20260424_144242,SC01,AUTO,27.0646,57.9443,0.0634,hold,1,1500,VIDE,0.0,0.03,0.0,4.78936,-0.698132,0.0,1,0,44.086,26.08,0.0,0.03,0.0,4.1,5.0,2.0,0.5,0.05,1,0.68936,0.21064,0.0
888,2026-04-24T13:43:40.027Z,S20260424_144242,SC01,AUTO,27.1293,58.009,0.0647,hold,1,1500,VIDE,0.0,0.03,0.0,4.787601,-0.698132,0.0,1,0,22.252,18.985,0.0,0.03,0.0,4.1,5.0,2.0,0.5,0.05,1,0.6876,0.2124,0.0
889,2026-04-24T13:43:40.089Z,S20260424_144242,SC01,AUTO,27.1916,58.0713,0.0623,hold,1,1500,VIDE,0.0,0.03,0.0,4.786283,-0.698132,-0.0,1,0,17.222,19.879,0.0,0.03,0.0,4.1,5.0,2.0,0.5,0.05,1,0.68628,0.21372,0.0
890,2026-04-24T13:43:40.151Z,S20260424_144242,SC01,AUTO,27.2536,58.1333,0.062,hold,1,1500,VIDE,0.0,0.03,0.0,4.784964,-0.698132,-0.0,1,0,16.729,19.686,0.0,0.03,0.0,4.1,5.0,2.0,0.5,0.05,1,0.68496,0.21504,0.0
891,2026-04-24T13:43:40.214Z,S20260424_144242,SC01,AUTO,27.317,58.1967,0.0634,hold,1,1500,VIDE,0.0,0.03,0.0,4.783646,-0.698132,-0.0,1,0,13.6,18.526,0.0,0.03,0.0,4.1,5.0,2.0,0.5,0.05,1,0.68365,0.21635,0.0
892,2026-04-24T13:43:40.276Z,S20260424_144242,SC01,AUTO,27.3788,58.2585,0.0618,hold,1,1500,VIDE,0.0,0.03,0.0,4.781669,-0.698132,0.0,1,0,15.867,20.474,0.0,0.03,0.0,4.1,5.0,2.0,0.5,0.05,1,0.68167,0.21833,0.0
893,2026-04-24T13:43:40.337Z,S20260424_144242,SC01,AUTO,27.4395,58.3192,0.0608,hold,1,1500,VIDE,0.0,0.03,0.0,4.780352,-0.698132,0.0,1,0,13.599,19.86,0.0,0.03,0.0,4.1,5.0,2.0,0.5,0.05,1,0.68035,0.21965,0.0
894,2026-04-24T13:43:40.401Z,S20260424_144242,SC01,AUTO,27.5037,58.3833,0.064,hold,1,1500,VIDE,0.0,0.03,0.0,4.779034,-0.698132,0.0,1,0,7.261,19.653,0.0,0.03,0.0,4.1,5.0,2.0,0.5,0.05,1,0.67903,0.22097,0.0
895,2026-04-24T13:43:40.464Z,S20260424_144242,SC01,AUTO,27.5669,58.4466,0.0633,hold,1,1500,VIDE,0.0,0.03,0.0,4.777717,-0.698132,-0.0,1,0,22.585,19.185,0.0,0.03,0.0,4.1,5.0,2.0,0.5,0.05,1,0.67772,0.22228,0.0
896,2026-04-24T13:43:40.526Z,S20260424_144242,SC01,AUTO,27.6289,58.5086,0.062,hold,1,1500,VIDE,0.0,0.03,0.0,4.775741,-0.698132,-0.0,1,0,26.058,19.181,0.0,0.03,0.0,4.1,5.0,2.0,0.5,0.05,1,0.67574,0.22426,0.0
897,2026-04-24T13:43:40.586Z,S20260424_144242,SC01,AUTO,27.689,58.5687,0.0601,hold,1,1500,VIDE,0.0,0.03,0.0,4.774425,-0.698132,0.0,1,0,19.204,19.237,0.0,0.03,0.0,4.1,5.0,2.0,0.5,0.05,1,0.67442,0.22558,0.0
898,2026-04-24T13:43:40.650Z,S20260424_144242,SC01,AUTO,27.7523,58.632,0.0633,hold,1,1500,VIDE,0.0,0.03,0.0,4.773108,-0.698132,0.0,1,0,14.771,19.405,0.0,0.03,0.0,4.1,5.0,2.0,0.5,0.05,1,0.67311,0.22689,0.0
899,2026-04-24T13:43:40.712Z,S20260424_144242,SC01,AUTO,27.815,58.6947,0.0627,hold,1,1500,VIDE,0.0,0.03,0.0,4.771792,-0.698132,0.0,1,0,11.433,18.401,0.0,0.03,0.0,4.1,5.0,2.0,0.5,0.05,1,0.67179,0.22821,0.0
900,2026-04-24T13:43:40.775Z,S20260424_144242,SC01,AUTO,27.8779,58.7576,0.0629,hold,1,1500,VIDE,0.0,0.03,0.0,4.769818,-0.698132,0.0,1,0,12.594,20.721,0.0,0.03,0.0,4.1,5.0,2.0,0.5,0.05,1,0.66982,0.23018,0.0
901,2026-04-24T13:43:40.837Z,S20260424_144242,SC01,AUTO,27.9398,58.8195,0.0619,hold,1,1500,VIDE,0.0,0.03,0.0,4.768502,-0.698132,0.0,1,0,7.237,19.241,0.0,0.03,0.0,4.1,5.0,2.0,0.5,0.05,1,0.6685,0.2315,0.0
902,2026-04-24T13:43:40.899Z,S20260424_144242,SC01,AUTO,28.0014,58.881,0.0616,hold,1,1500,VIDE,0.0,0.03,0.0,4.767187,-0.698132,-0.0,1,0,24.625,17.841,0.0,0.03,0.0,4.1,5.0,2.0,0.5,0.05,1,0.66719,0.23281,0.0
903,2026-04-24T13:43:40.961Z,S20260424_144242,SC01,AUTO,28.0632,58.9429,0.0618,hold,1,1500,VIDE,0.0,0.03,0.0,4.765872,-0.698132,-0.0,1,0,19.794,19.922,0.0,0.03,0.0,4.1,5.0,2.0,0.5,0.05,1,0.66587,0.23413,0.0
904,2026-04-24T13:43:41.032Z,S20260424_144242,SC01,AUTO,28.1345,59.0142,0.0713,hold,1,1500,VIDE,0.0,0.03,0.0,4.763899,-0.698132,0.0,1,0,22.749,19.51,0.0,0.03,0.0,4.1,5.0,2.0,0.5,0.05,1,0.6639,0.2361,0.0
905,2026-04-24T13:43:41.085Z,S20260424_144242,SC01,AUTO,28.1881,59.0678,0.0536,hold,1,1500,VIDE,0.0,0.03,0.0,4.762584,-0.698132,-0.0,1,0,19.14,17.702,0.0,0.03,0.0,4.1,5.0,2.0,0.5,0.05,1,0.66258,0.23742,0.0
906,2026-04-24T13:43:41.148Z,S20260424_144242,SC01,AUTO,28.2507,59.1303,0.0625,hold,1,1500,VIDE,0.0,0.03,0.0,4.76127,-0.698132,-0.0,1,0,17.134,19.23,0.0,0.03,0.0,4.1,5.0,2.0,0.5,0.05,1,0.66127,0.23873,0.0
907,2026-04-24T13:43:41.212Z,S20260424_144242,SC01,AUTO,28.3142,59.1939,0.0636,hold,1,1500,VIDE,0.0,0.03,0.0,4.759955,-0.698132,0.0,1,0,13.498,19.34,0.0,0.03,0.0,4.1,5.0,2.0,0.5,0.05,1,0.65995,0.24005,0.0
908,2026-04-24T13:43:41.273Z,S20260424_144242,SC01,AUTO,28.3756,59.2552,0.0614,hold,1,1500,VIDE,0.0,0.03,0.0,4.758422,-0.698132,0.0,1,0,35.476,23.275,0.0,0.03,0.0,4.1,5.0,2.0,0.5,0.05,1,0.65842,0.24158,0.0
909,2026-04-24T13:43:41.335Z,S20260424_144242,SC01,AUTO,28.4379,59.3175,0.0623,hold,1,1500,VIDE,0.0,0.03,0.0,4.75667,-0.698132,-0.0,1,0,15.361,19.101,0.0,0.03,0.0,4.1,5.0,2.0,0.5,0.05,1,0.65667,0.24333,0.0
910,2026-04-24T13:43:41.402Z,S20260424_144242,SC01,AUTO,28.5046,59.3843,0.0668,hold,1,1500,VIDE,0.0,0.03,0.0,4.755357,-0.698132,-0.0,1,0,9.765,19.564,0.0,0.03,0.0,4.1,5.0,2.0,0.5,0.05,1,0.65536,0.24464,0.0
911,2026-04-24T13:43:41.461Z,S20260424_144242,SC01,AUTO,28.5636,59.4433,0.059,hold,1,1500,VIDE,0.0,0.03,0.0,4.754043,-0.698132,-0.0,1,0,23.912,18.834,0.0,0.03,0.0,4.1,5.0,2.0,0.5,0.05,1,0.65404,0.24596,0.0
912,2026-04-24T13:43:41.523Z,S20260424_144242,SC01,AUTO,28.6258,59.5054,0.0622,hold,1,1500,VIDE,0.0,0.03,0.0,4.752074,-0.698132,-0.0,1,0,24.324,19.337,0.0,0.03,0.0,4.1,5.0,2.0,0.5,0.05,1,0.65207,0.24793,0.0
913,2026-04-24T13:43:41.585Z,S20260424_144242,SC01,AUTO,28.6881,59.5678,0.0623,hold,1,1500,VIDE,0.0,0.03,0.0,4.750761,-0.698132,-0.0,1,0,20.195,19.305,0.0,0.03,0.0,4.1,5.0,2.0,0.5,0.05,1,0.65076,0.24924,0.0
914,2026-04-24T13:43:41.648Z,S20260424_144242,SC01,AUTO,28.7508,59.6304,0.0626,hold,1,1500,VIDE,0.0,0.03,0.0,4.749448,-0.698132,-0.0,1,0,14.744,19.807,0.0,0.03,0.0,4.1,5.0,2.0,0.5,0.05,1,0.64945,0.25055,0.0
915,2026-04-24T13:43:41.714Z,S20260424_144242,SC01,AUTO,28.8165,59.6962,0.0657,hold,1,1500,VIDE,0.0,0.03,0.0,4.748136,-0.698132,-0.0,1,0,13.002,19.519,0.0,0.03,0.0,4.1,5.0,2.0,0.5,0.05,1,0.64814,0.25186,0.0
916,2026-04-24T13:43:41.777Z,S20260424_144242,SC01,AUTO,28.8797,59.7594,0.0632,hold,1,1500,VIDE,0.0,0.03,0.0,4.746168,-0.698132,0.0,1,0,14.537,20.344,0.0,0.03,0.0,4.1,5.0,2.0,0.5,0.05,1,0.64617,0.25383,0.0
917,2026-04-24T13:43:41.835Z,S20260424_144242,SC01,AUTO,28.9379,59.8176,0.0582,hold,1,1500,VIDE,0.0,0.03,0.0,4.744856,-0.698132,0.0,1,0,10.55,20.108,0.0,0.03,0.0,4.1,5.0,2.0,0.5,0.05,1,0.64486,0.25514,0.0
918,2026-04-24T13:43:41.898Z,S20260424_144242,SC01,AUTO,29.0004,59.8801,0.0625,hold,1,1500,VIDE,0.0,0.03,0.0,4.743544,-0.698132,0.0,1,0,25.126,15.934,0.0,0.03,0.0,4.1,5.0,2.0,0.5,0.05,1,0.64354,0.25646,0.0
919,2026-04-24T13:43:41.961Z,S20260424_144242,SC01,AUTO,29.0634,59.9431,0.063,hold,1,1500,VIDE,0.0,0.03,0.0,4.742233,-0.698132,-0.0,1,0,20.825,19.306,0.0,0.03,0.0,4.1,5.0,2.0,0.5,0.05,1,0.64223,0.25777,0.0
920,2026-04-24T13:43:42.037Z,S20260424_144242,SC01,AUTO,29.1392,60.0189,0.0757,hold,1,1500,VIDE,0.0,0.03,0.0,4.740266,-0.698132,0.0,1,0,34.709,18.59,0.0,0.03,0.0,4.1,5.0,2.0,0.5,0.05,1,0.64027,0.25973,0.0
921,2026-04-24T13:43:42.090Z,S20260424_144242,SC01,AUTO,29.1923,60.072,0.0531,hold,1,1500,VIDE,0.0,0.03,0.0,4.739392,-0.698132,0.0,1,0,31.818,3.69,0.0,0.03,0.0,4.1,5.0,2.0,0.5,0.05,1,0.63939,0.26061,0.0
922,2026-04-24T13:43:42.154Z,S20260424_144242,SC01,AUTO,29.2569,60.1366,0.0646,hold,1,1500,VIDE,0.0,0.03,0.0,4.737644,-0.698132,-0.0,1,0,9.951,19.042,0.0,0.03,0.0,4.1,5.0,2.0,0.5,0.05,1,0.63764,0.26236,0.0
923,2026-04-24T13:43:42.213Z,S20260424_144242,SC01,AUTO,29.3156,60.1953,0.0587,hold,1,1500,VIDE,0.0,0.03,0.0,4.736334,-0.698132,0.0,1,0,26.964,16.325,0.0,0.03,0.0,4.1,5.0,2.0,0.5,0.05,1,0.63633,0.26367,0.0
924,2026-04-24T13:43:42.277Z,S20260424_144242,SC01,AUTO,29.3799,60.2596,0.0643,hold,1,1500,VIDE,0.0,0.03,0.0,4.735023,-0.698132,0.0,1,0,23.375,17.596,0.0,0.03,0.0,4.1,5.0,2.0,0.5,0.05,1,0.63502,0.26498,0.0
925,2026-04-24T13:43:42.337Z,S20260424_144242,SC01,AUTO,29.4394,60.3191,0.0595,hold,1,1500,VIDE,0.0,0.03,0.0,4.733714,-0.698132,0.0,1,0,22.829,19.153,0.0,0.03,0.0,4.1,5.0,2.0,0.5,0.05,1,0.63371,0.26629,0.0
926,2026-04-24T13:43:42.409Z,S20260424_144242,SC01,AUTO,29.5118,60.3915,0.0724,hold,1,1500,VIDE,0.0,0.03,0.0,4.731749,-0.698132,0.0,1,0,25.086,19.133,0.0,0.03,0.0,4.1,5.0,2.0,0.5,0.05,1,0.63175,0.26825,0.0
927,2026-04-24T13:43:42.464Z,S20260424_144242,SC01,AUTO,29.5663,60.446,0.0546,hold,1,1500,VIDE,0.0,0.03,0.0,4.730439,-0.698132,0.0,1,0,19.175,20.494,0.0,0.03,0.0,4.1,5.0,2.0,0.5,0.05,1,0.63044,0.26956,0.0
928,2026-04-24T13:43:42.530Z,S20260424_144242,SC01,AUTO,29.6325,60.5121,0.0661,hold,1,1500,VIDE,0.0,0.03,0.0,4.72913,-0.698132,0.0,1,0,15.41,19.112,0.0,0.03,0.0,4.1,5.0,2.0,0.5,0.05,1,0.62913,0.27087,0.0
929,2026-04-24T13:43:42.586Z,S20260424_144242,SC01,AUTO,29.6882,60.5679,0.0557,hold,1,1500,VIDE,0.0,0.03,0.0,4.727821,-0.698132,0.0,1,0,14.632,19.189,0.0,0.03,0.0,4.1,5.0,2.0,0.5,0.05,1,0.62782,0.27218,0.0
930,2026-04-24T13:43:42.650Z,S20260424_144242,SC01,AUTO,29.7521,60.6318,0.064,hold,1,1500,VIDE,0.0,0.03,0.0,4.726512,-0.698132,-0.0,1,0,9.287,19.309,0.0,0.03,0.0,4.1,5.0,2.0,0.5,0.05,1,0.62651,0.27349,0.0
931,2026-04-24T13:43:42.713Z,S20260424_144242,SC01,AUTO,29.8159,60.6956,0.0638,hold,1,1500,VIDE,0.0,0.03,0.0,4.724549,-0.698132,-0.0,1,0,13.019,19.571,0.0,0.03,0.0,4.1,5.0,2.0,0.5,0.05,1,0.62455,0.27545,0.0
932,2026-04-24T13:43:42.777Z,S20260424_144242,SC01,AUTO,29.8799,60.7596,0.064,hold,1,1500,VIDE,0.0,0.03,0.0,4.723241,-0.698132,0.0,1,0,9.772,19.199,0.0,0.03,0.0,4.1,5.0,2.0,0.5,0.05,1,0.62324,0.27676,0.0
933,2026-04-24T13:43:42.837Z,S20260424_144242,SC01,AUTO,29.9395,60.8191,0.0595,hold,1,1500,VIDE,0.0,0.03,0.0,4.721932,-0.698132,0.0,1,0,25.805,19.705,0.0,0.03,0.0,4.1,5.0,2.0,0.5,0.05,1,0.62193,0.27807,0.0
934,2026-04-24T13:43:42.907Z,S20260424_144242,SC01,AUTO,30.0093,60.889,0.0698,hold,1,1500,VIDE,0.0,0.03,0.0,4.720189,-0.698132,0.0,1,0,28.93,1.134,0.0,0.03,0.0,4.1,5.0,2.0,0.5,0.05,1,0.62019,0.27981,0.0
935,2026-04-24T13:43:42.963Z,S20260424_144242,SC01,AUTO,30.066,60.9457,0.0567,hold,1,1500,VIDE,0.0,0.03,0.0,4.718663,-0.698132,-0.0,1,0,25.539,20.013,0.0,0.03,0.0,4.1,5.0,2.0,0.5,0.05,1,0.61866,0.28134,0.0
936,2026-04-24T13:43:43.034Z,S20260424_144242,SC01,AUTO,30.137,61.0167,0.071,hold,1,1500,VIDE,0.0,0.03,0.0,4.717356,-0.698132,-0.0,1,0,20.308,19.87,0.0,0.03,0.0,4.1,5.0,2.0,0.5,0.05,1,0.61736,0.28264,0.0
937,2026-04-24T13:43:43.094Z,S20260424_144242,SC01,AUTO,30.1962,61.0759,0.0592,hold,1,1500,VIDE,0.0,0.03,0.0,4.716048,-0.698132,-0.0,1,0,14.184,15.305,0.0,0.03,0.0,4.1,5.0,2.0,0.5,0.05,1,0.61605,0.28395,0.0
938,2026-04-24T13:43:43.157Z,S20260424_144242,SC01,AUTO,30.2596,61.1393,0.0633,hold,1,1500,VIDE,0.0,0.03,0.0,4.714088,-0.698132,-0.0,1,0,18.304,19.317,0.0,0.03,0.0,4.1,5.0,2.0,0.5,0.05,1,0.61409,0.28591,0.0
939,2026-04-24T13:43:43.211Z,S20260424_144242,SC01,AUTO,30.3135,61.1931,0.0539,hold,1,1500,VIDE,0.0,0.03,0.0,4.713217,-0.698132,0.0,1,0,32.719,4.678,0.0,0.03,0.0,4.1,5.0,2.0,0.5,0.05,1,0.61322,0.28678,0.0
940,2026-04-24T13:43:43.274Z,S20260424_144242,SC01,AUTO,30.3764,61.2561,0.063,hold,1,1500,VIDE,0.0,0.03,0.0,4.71191,-0.698132,-0.0,1,0,36.471,10.162,0.0,0.03,0.0,4.1,5.0,2.0,0.5,0.05,1,0.61191,0.28809,0.0
941,2026-04-24T13:43:43.337Z,S20260424_144242,SC01,AUTO,30.4398,61.3195,0.0634,hold,1,1500,VIDE,0.0,0.03,0.0,4.710169,-0.698132,0.0,1,0,17.378,18.262,0.0,0.03,0.0,4.1,5.0,2.0,0.5,0.05,1,0.61017,0.28983,0.0
942,2026-04-24T13:43:43.402Z,S20260424_144242,SC01,AUTO,30.5049,61.3846,0.0651,hold,1,1500,VIDE,0.0,0.03,0.0,4.708863,-0.698132,-0.0,1,0,10.27,19.527,0.0,0.03,0.0,4.1,5.0,2.0,0.5,0.05,1,0.60886,0.29114,0.0
943,2026-04-24T13:43:43.463Z,S20260424_144242,SC01,AUTO,30.5656,61.4453,0.0607,hold,1,1500,VIDE,0.0,0.03,0.0,4.707557,-0.698132,-0.0,1,0,4.66,20.379,0.0,0.03,0.0,4.1,5.0,2.0,0.5,0.05,1,0.60756,0.29244,0.0
944,2026-04-24T13:43:43.526Z,S20260424_144242,SC01,AUTO,30.6291,61.5088,0.0635,hold,1,1500,VIDE,0.0,0.03,0.0,4.705598,-0.698132,-0.0,1,0,9.568,19.295,0.0,0.03,0.0,4.1,5.0,2.0,0.5,0.05,1,0.6056,0.2944,0.0
945,2026-04-24T13:43:43.590Z,S20260424_144242,SC01,AUTO,30.6924,61.5721,0.0633,hold,1,1500,VIDE,0.0,0.03,0.0,4.704293,-0.698132,-0.0,1,0,29.199,18.559,0.0,0.03,0.0,4.1,5.0,2.0,0.5,0.05,1,0.60429,0.29571,0.0
946,2026-04-24T13:43:43.652Z,S20260424_144242,SC01,AUTO,30.7546,61.6343,0.0622,hold,1,1500,VIDE,0.0,0.03,0.0,4.702988,-0.698132,-0.0,1,0,22.707,19.747,0.0,0.03,0.0,4.1,5.0,2.0,0.5,0.05,1,0.60299,0.29701,0.0
947,2026-04-24T13:43:43.713Z,S20260424_144242,SC01,AUTO,30.8151,61.6948,0.0605,hold,1,1500,VIDE,0.0,0.03,0.0,4.701684,-0.698132,-0.0,1,0,20.648,17.618,0.0,0.03,0.0,4.1,5.0,2.0,0.5,0.05,1,0.60168,0.29832,0.0
948,2026-04-24T13:43:43.776Z,S20260424_144242,SC01,AUTO,30.8785,61.7581,0.0633,hold,1,1500,VIDE,0.0,0.03,0.0,4.700379,-0.698132,-0.0,1,0,16.747,16.614,0.0,0.03,0.0,4.1,5.0,2.0,0.5,0.05,1,0.60038,0.29962,0.0
949,2026-04-24T13:43:43.837Z,S20260424_144242,SC01,AUTO,30.9394,61.8191,0.061,hold,1,1500,VIDE,0.0,0.03,0.0,4.698857,-0.698132,0.0,1,0,39.853,26.032,0.0,0.03,0.0,4.1,5.0,2.0,0.5,0.05,1,0.59886,0.30114,0.0
950,2026-04-24T13:43:43.898Z,S20260424_144242,SC01,AUTO,31.0004,61.8801,0.061,hold,1,1500,VIDE,0.0,0.03,0.0,4.697118,-0.698132,0.0,1,0,19.078,18.654,0.0,0.03,0.0,4.1,5.0,2.0,0.5,0.05,1,0.59712,0.30288,0.0
951,2026-04-24T13:43:43.962Z,S20260424_144242,SC01,AUTO,31.0648,61.9445,0.0644,hold,1,1500,VIDE,0.0,0.03,0.0,4.695814,-0.698132,-0.0,1,0,14.297,19.706,0.0,0.03,0.0,4.1,5.0,2.0,0.5,0.05,1,0.59581,0.30419,0.0
952,2026-04-24T13:43:44.028Z,S20260424_144242,SC01,AUTO,31.1304,62.01,0.0655,hold,1,1500,VIDE,0.0,0.03,0.0,4.69451,-0.698132,-0.0,1,0,10.471,19.188,0.0,0.03,0.0,4.1,5.0,2.0,0.5,0.05,1,0.59451,0.30549,0.0
953,2026-04-24T13:43:44.090Z,S20260424_144242,SC01,AUTO,31.1929,62.0726,0.0625,hold,1,1500,VIDE,0.0,0.03,0.0,4.693207,-0.698132,-0.0,1,0,9.891,19.953,0.0,0.03,0.0,4.1,5.0,2.0,0.5,0.05,1,0.59321,0.30679,0.0
954,2026-04-24T13:43:44.153Z,S20260424_144242,SC01,AUTO,31.2556,62.1353,0.0627,hold,1,1500,VIDE,0.0,0.03,0.0,4.691252,-0.698132,-0.0,1,0,14.486,19.574,0.0,0.03,0.0,4.1,5.0,2.0,0.5,0.05,1,0.59125,0.30875,0.0
955,2026-04-24T13:43:44.213Z,S20260424_144242,SC01,AUTO,31.3152,62.1948,0.0596,hold,1,1500,VIDE,0.0,0.03,0.0,4.689949,-0.698132,-0.0,1,0,11.4,19.08,0.0,0.03,0.0,4.1,5.0,2.0,0.5,0.05,1,0.58995,0.31005,0.0
956,2026-04-24T13:43:44.277Z,S20260424_144242,SC01,AUTO,31.3794,62.2591,0.0642,hold,1,1500,VIDE,0.0,0.03,0.0,4.688646,-0.698132,-0.0,1,0,27.031,18.808,0.0,0.03,0.0,4.1,5.0,2.0,0.5,0.05,1,0.58865,0.31135,0.0
957,2026-04-24T13:43:44.336Z,S20260424_144242,SC01,AUTO,31.4391,62.3188,0.0597,hold,1,1500,VIDE,0.0,0.03,0.0,4.687344,-0.698132,-0.0,1,0,5.053,20.436,0.0,0.03,0.0,4.1,5.0,2.0,0.5,0.05,1,0.58734,0.31266,0.0
958,2026-04-24T13:43:44.403Z,S20260424_144242,SC01,AUTO,31.5058,62.3854,0.0667,hold,1,1500,VIDE,0.0,0.03,0.0,4.686041,-0.698132,-0.0,1,0,24.438,20.281,0.0,0.03,0.0,4.1,5.0,2.0,0.5,0.05,1,0.58604,0.31396,0.0
959,2026-04-24T13:43:44.464Z,S20260424_144242,SC01,AUTO,31.5671,62.4468,0.0612,hold,1,1500,VIDE,0.0,0.03,0.0,4.684739,-0.698132,-0.0,1,0,20.865,18.695,0.0,0.03,0.0,4.1,5.0,2.0,0.5,0.05,1,0.58474,0.31526,0.0
960,2026-04-24T13:43:44.527Z,S20260424_144242,SC01,AUTO,31.6297,62.5094,0.0627,hold,1,1500,VIDE,0.0,0.03,0.0,4.682786,-0.698132,0.0,1,0,8.378,18.43,0.0,0.03,0.0,4.1,5.0,2.0,0.5,0.05,1,0.58279,0.31721,0.0
961,2026-04-24T13:43:44.586Z,S20260424_144242,SC01,AUTO,31.6882,62.5678,0.0585,hold,1,1500,VIDE,0.0,0.03,0.0,4.681485,-0.698132,-0.0,1,0,25.674,20.084,0.0,0.03,0.0,4.1,5.0,2.0,0.5,0.05,1,0.58148,0.31852,0.0
962,2026-04-24T13:43:44.650Z,S20260424_144242,SC01,AUTO,31.7522,62.6319,0.064,hold,1,1500,VIDE,0.0,0.03,0.0,4.680183,-0.698132,-0.0,1,0,21.029,20.043,0.0,0.03,0.0,4.1,5.0,2.0,0.5,0.05,1,0.58018,0.31982,0.0
963,2026-04-24T13:43:44.713Z,S20260424_144242,SC01,AUTO,31.8155,62.6951,0.0632,hold,1,1500,VIDE,0.0,0.03,0.0,4.678882,-0.698132,-0.0,1,0,21.495,18.877,0.0,0.03,0.0,4.1,5.0,2.0,0.5,0.05,1,0.57888,0.32112,0.0
964,2026-04-24T13:43:44.774Z,S20260424_144242,SC01,AUTO,31.8771,62.7567,0.0616,hold,1,1500,VIDE,0.0,0.03,0.0,4.677581,-0.698132,-0.0,1,0,16.818,16.898,0.0,0.03,0.0,4.1,5.0,2.0,0.5,0.05,1,0.57758,0.32242,0.0
965,2026-04-24T13:43:44.837Z,S20260424_144242,SC01,AUTO,31.9398,62.8194,0.0627,hold,1,1500,VIDE,0.0,0.03,0.0,4.67628,-0.698132,-0.0,1,0,18.988,15.271,0.0,0.03,0.0,4.1,5.0,2.0,0.5,0.05,1,0.57628,0.32372,0.0
966,2026-04-24T13:43:44.900Z,S20260424_144242,SC01,AUTO,32.0021,62.8818,0.0624,hold,1,1500,VIDE,0.0,0.03,0.0,4.67498,-0.698132,0.0,1,0,17.435,17.576,0.0,0.03,0.0,4.1,5.0,2.0,0.5,0.05,1,0.57498,0.32502,0.0
967,2026-04-24T13:43:44.962Z,S20260424_144242,SC01,AUTO,32.065,62.9447,0.0628,hold,1,1500,VIDE,0.0,0.03,0.0,4.673029,-0.698132,0.0,1,0,22.96,20.03,0.0,0.03,0.0,4.1,5.0,2.0,0.5,0.05,1,0.57303,0.32697,0.0
968,2026-04-24T13:43:45.027Z,S20260424_144242,SC01,AUTO,32.1292,63.0089,0.0643,hold,1,1500,VIDE,0.0,0.03,0.0,4.67173,-0.698132,0.0,1,0,25.14,19.115,0.0,0.03,0.0,4.1,5.0,2.0,0.5,0.05,1,0.57173,0.32827,0.0
969,2026-04-24T13:43:45.085Z,S20260424_144242,SC01,AUTO,32.1878,63.0674,0.0586,hold,1,1500,VIDE,0.0,0.03,0.0,4.67043,-0.698132,-0.0,1,0,23.877,19.996,0.0,0.03,0.0,4.1,5.0,2.0,0.5,0.05,1,0.57043,0.32957,0.0
970,2026-04-24T13:43:45.158Z,S20260424_144242,SC01,AUTO,32.2605,63.1402,0.0726,hold,1,1500,VIDE,0.0,0.03,0.0,4.66913,-0.698132,0.0,1,0,22.894,19.834,0.0,0.03,0.0,4.1,5.0,2.0,0.5,0.05,1,0.56913,0.33087,0.0
971,2026-04-24T13:43:45.210Z,S20260424_144242,SC01,AUTO,32.3131,63.1928,0.0527,hold,1,1500,VIDE,0.0,0.03,0.0,4.66783,-0.698132,-0.0,1,0,22.854,18.905,0.0,0.03,0.0,4.1,5.0,2.0,0.5,0.05,1,0.56783,0.33217,0.0
972,2026-04-24T13:43:45.275Z,S20260424_144242,SC01,AUTO,32.3773,63.2569,0.0641,hold,1,1500,VIDE,0.0,0.03,0.0,4.666532,-0.698132,-0.0,1,0,18.489,19.902,0.0,0.03,0.0,4.1,5.0,2.0,0.5,0.05,1,0.56653,0.33347,0.0
973,2026-04-24T13:43:45.336Z,S20260424_144242,SC01,AUTO,32.4391,63.3188,0.0619,hold,1,1500,VIDE,0.0,0.03,0.0,4.665233,-0.698132,0.0,1,0,17.183,15.687,0.0,0.03,0.0,4.1,5.0,2.0,0.5,0.05,1,0.56523,0.33477,0.0
974,2026-04-24T13:43:45.402Z,S20260424_144242,SC01,AUTO,32.5048,63.3845,0.0657,hold,1,1500,VIDE,0.0,0.03,0.0,4.663717,-0.698132,-0.0,1,0,45.095,27.464,0.0,0.03,0.0,4.1,5.0,2.0,0.5,0.05,1,0.56372,0.33628,0.0
975,2026-04-24T13:43:45.464Z,S20260424_144242,SC01,AUTO,32.5662,63.4459,0.0614,hold,1,1500,VIDE,0.0,0.03,0.0,4.662202,-0.698132,-0.0,1,0,26.797,1.005,0.0,0.03,0.0,4.1,5.0,2.0,0.5,0.05,1,0.5622,0.3378,0.0
976,2026-04-24T13:43:45.529Z,S20260424_144242,SC01,AUTO,32.6318,63.5115,0.0656,hold,1,1500,VIDE,0.0,0.03,0.0,4.660687,-0.698132,-0.0,1,0,24.813,19.834,0.0,0.03,0.0,4.1,5.0,2.0,0.5,0.05,1,0.56069,0.33931,0.0
977,2026-04-24T13:43:45.594Z,S20260424_144242,SC01,AUTO,32.6963,63.576,0.0645,hold,1,1500,VIDE,0.0,0.03,0.0,4.659389,-0.698132,0.0,1,0,21.184,20.076,0.0,0.03,0.0,4.1,5.0,2.0,0.5,0.05,1,0.55939,0.34061,0.0
978,2026-04-24T13:43:45.658Z,S20260424_144242,SC01,AUTO,32.7605,63.6402,0.0642,hold,1,1500,VIDE,0.0,0.03,0.0,4.658092,-0.698132,-0.0,1,0,19.849,15.598,0.0,0.03,0.0,4.1,5.0,2.0,0.5,0.05,1,0.55809,0.34191,0.0
979,2026-04-24T13:43:45.714Z,S20260424_144242,SC01,AUTO,32.8164,63.6961,0.0559,hold,1,1500,VIDE,0.0,0.03,0.0,4.656794,-0.698132,0.0,1,0,19.33,19.136,0.0,0.03,0.0,4.1,5.0,2.0,0.5,0.05,1,0.55679,0.34321,0.0
980,2026-04-24T13:43:45.777Z,S20260424_144242,SC01,AUTO,32.8798,63.7594,0.0634,hold,1,1500,VIDE,0.0,0.03,0.0,4.655497,-0.698132,0.0,1,0,14.719,16.678,0.0,0.03,0.0,4.1,5.0,2.0,0.5,0.05,1,0.5555,0.3445,0.0
981,2026-04-24T13:43:45.837Z,S20260424_144242,SC01,AUTO,32.9395,63.8191,0.0597,hold,1,1500,VIDE,0.0,0.03,0.0,4.653767,-0.698132,-0.0,1,0,40.069,0.849,0.0,0.03,0.0,4.1,5.0,2.0,0.5,0.05,1,0.55377,0.34623,0.0
982,2026-04-24T13:43:45.898Z,S20260424_144242,SC01,AUTO,33.0003,63.8799,0.0608,hold,1,1500,VIDE,0.0,0.03,0.0,4.652254,-0.698132,0.0,1,0,19.655,18.257,0.0,0.03,0.0,4.1,5.0,2.0,0.5,0.05,1,0.55225,0.34775,0.0
983,2026-04-24T13:43:45.962Z,S20260424_144242,SC01,AUTO,33.0647,63.9443,0.0644,hold,1,1500,VIDE,0.0,0.03,0.0,4.650958,-0.698132,0.0,1,0,17.422,19.238,0.0,0.03,0.0,4.1,5.0,2.0,0.5,0.05,1,0.55096,0.34904,0.0
984,2026-04-24T13:43:46.030Z,S20260424_144242,SC01,AUTO,33.1325,64.0122,0.0677,hold,1,1500,VIDE,0.0,0.03,0.0,4.649661,-0.698132,-0.0,1,0,14.881,19.146,0.0,0.03,0.0,4.1,5.0,2.0,0.5,0.05,1,0.54966,0.35034,0.0
985,2026-04-24T13:43:46.091Z,S20260424_144242,SC01,AUTO,33.1934,64.0731,0.0609,hold,1,1500,VIDE,0.0,0.03,0.0,4.648365,-0.698132,0.0,1,0,12.006,19.13,0.0,0.03,0.0,4.1,5.0,2.0,0.5,0.05,1,0.54836,0.35164,0.0
986,2026-04-24T13:43:46.154Z,S20260424_144242,SC01,AUTO,33.2561,64.1358,0.0628,hold,1,1500,VIDE,0.0,0.03,0.0,4.646852,-0.698132,0.0,1,0,36.372,27.215,0.0,0.03,0.0,4.1,5.0,2.0,0.5,0.05,1,0.54685,0.35315,0.0
987,2026-04-24T13:43:46.215Z,S20260424_144242,SC01,AUTO,33.3173,64.1969,0.061,hold,1,1500,VIDE,0.0,0.03,0.0,4.645125,-0.698132,-0.0,1,0,17.145,18.553,0.0,0.03,0.0,4.1,5.0,2.0,0.5,0.05,1,0.54512,0.35488,0.0
988,2026-04-24T13:43:46.277Z,S20260424_144242,SC01,AUTO,33.3794,64.259,0.0622,hold,1,1500,VIDE,0.0,0.03,0.0,4.643829,-0.698132,0.0,1,0,14.007,19.781,0.0,0.03,0.0,4.1,5.0,2.0,0.5,0.05,1,0.54383,0.35617,0.0
989,2026-04-24T13:43:46.337Z,S20260424_144242,SC01,AUTO,33.4395,64.3191,0.0601,hold,1,1500,VIDE,0.0,0.03,0.0,4.642534,-0.698132,0.0,1,0,12.085,19.559,0.0,0.03,0.0,4.1,5.0,2.0,0.5,0.05,1,0.54253,0.35747,0.0
990,2026-04-24T13:43:46.408Z,S20260424_144242,SC01,AUTO,33.5104,64.39,0.0709,hold,1,1500,VIDE,0.0,0.03,0.0,4.641239,-0.698132,-0.0,1,0,10.43,19.337,0.0,0.03,0.0,4.1,5.0,2.0,0.5,0.05,1,0.54124,0.35876,0.0
991,2026-04-24T13:43:46.465Z,S20260424_144242,SC01,AUTO,33.5678,64.4474,0.0574,hold,1,1500,VIDE,0.0,0.03,0.0,4.639944,-0.698132,-0.0,1,0,26.812,19.321,0.0,0.03,0.0,4.1,5.0,2.0,0.5,0.05,1,0.53994,0.36006,0.0
992,2026-04-24T13:43:46.531Z,S20260424_144242,SC01,AUTO,33.6332,64.5129,0.0655,hold,1,1500,VIDE,0.0,0.03,0.0,4.638649,-0.698132,-0.0,1,0,26.854,19.643,0.0,0.03,0.0,4.1,5.0,2.0,0.5,0.05,1,0.53865,0.36135,0.0
993,2026-04-24T13:43:46.586Z,S20260424_144242,SC01,AUTO,33.6891,64.5688,0.0559,hold,1,1500,VIDE,0.0,0.03,0.0,4.637354,-0.698132,-0.0,1,0,26.616,19.635,0.0,0.03,0.0,4.1,5.0,2.0,0.5,0.05,1,0.53735,0.36265,0.0
994,2026-04-24T13:43:46.650Z,S20260424_144242,SC01,AUTO,33.7526,64.6323,0.0635,hold,1,1500,VIDE,0.0,0.03,0.0,4.635413,-0.698132,0.0,1,0,12.982,19.957,0.0,0.03,0.0,4.1,5.0,2.0,0.5,0.05,1,0.53541,0.36459,0.0
995,2026-04-24T13:43:46.713Z,S20260424_144242,SC01,AUTO,33.8156,64.6952,0.0629,hold,1,1500,VIDE,0.0,0.03,0.0,4.634119,-0.698132,-0.0,1,0,11.328,19.468,0.0,0.03,0.0,4.1,5.0,2.0,0.5,0.05,1,0.53412,0.36588,0.0
996,2026-04-24T13:43:46.777Z,S20260424_144242,SC01,AUTO,33.8792,64.7589,0.0637,hold,1,1500,VIDE,0.0,0.03,0.0,4.632825,-0.698132,0.0,1,0,10.618,18.889,0.0,0.03,0.0,4.1,5.0,2.0,0.5,0.05,1,0.53283,0.36717,0.0
997,2026-04-24T13:43:46.837Z,S20260424_144242,SC01,AUTO,33.9394,64.8191,0.0602,hold,1,1500,VIDE,0.0,0.03,0.0,4.631532,-0.698132,0.0,1,0,26.104,19.95,0.0,0.03,0.0,4.1,5.0,2.0,0.5,0.05,1,0.53153,0.36847,0.0
998,2026-04-24T13:43:46.903Z,S20260424_144242,SC01,AUTO,34.0056,64.8853,0.0662,hold,1,1500,VIDE,0.0,0.03,0.0,4.630238,-0.698132,0.0,1,0,26.876,19.71,0.0,0.03,0.0,4.1,5.0,2.0,0.5,0.05,1,0.53024,0.36976,0.0
999,2026-04-24T13:43:46.964Z,S20260424_144242,SC01,AUTO,34.0664,64.9461,0.0608,hold,1,1500,VIDE,0.0,0.03,0.0,4.628945,-0.698132,0.0,1,0,26.356,18.882,0.0,0.03,0.0,4.1,5.0,2.0,0.5,0.05,1,0.52894,0.37106,0.0
1000,2026-04-24T13:43:47.033Z,S20260424_144242,SC01,AUTO,34.136,65.0156,0.0696,hold,1,1500,VIDE,0.0,0.03,0.0,4.627006,-0.698132,-0.0,1,0,11.738,19.147,0.0,0.03,0.0,4.1,5.0,2.0,0.5,0.05,1,0.52701,0.37299,0.0
1001,2026-04-24T13:43:47.090Z,S20260424_144242,SC01,AUTO,34.1925,65.0722,0.0564,hold,1,1500,VIDE,0.0,0.03,0.0,4.625713,-0.698132,-0.0,1,0,9.325,19.967,0.0,0.03,0.0,4.1,5.0,2.0,0.5,0.05,1,0.52571,0.37429,0.0
1002,2026-04-24T13:43:47.152Z,S20260424_144242,SC01,AUTO,34.2542,65.1339,0.0618,hold,1,1500,VIDE,0.0,0.03,0.0,4.624421,-0.698132,0.0,1,0,25.617,20.041,0.0,0.03,0.0,4.1,5.0,2.0,0.5,0.05,1,0.52442,0.37558,0.0
1003,2026-04-24T13:43:47.212Z,S20260424_144242,SC01,AUTO,34.3151,65.1947,0.0609,hold,1,1500,VIDE,0.0,0.03,0.0,4.623128,-0.698132,0.0,1,0,23.573,19.676,0.0,0.03,0.0,4.1,5.0,2.0,0.5,0.05,1,0.52313,0.37687,0.0
1004,2026-04-24T13:43:47.275Z,S20260424_144242,SC01,AUTO,34.3772,65.2569,0.0621,hold,1,1500,VIDE,0.0,0.03,0.0,4.621836,-0.698132,0.0,1,0,24.206,17.932,0.0,0.03,0.0,4.1,5.0,2.0,0.5,0.05,1,0.52184,0.37816,0.0
1005,2026-04-24T13:43:47.337Z,S20260424_144242,SC01,AUTO,34.44,65.3197,0.0628,hold,1,1500,VIDE,0.0,0.03,0.0,4.620544,-0.698132,-0.0,1,0,21.906,14.649,0.0,0.03,0.0,4.1,5.0,2.0,0.5,0.05,1,0.52054,0.37946,0.0
1006,2026-04-24T13:43:47.400Z,S20260424_144242,SC01,AUTO,34.5026,65.3822,0.0625,hold,1,1500,VIDE,0.0,0.03,0.0,4.619253,-0.698132,-0.0,1,0,18.458,19.353,0.0,0.03,0.0,4.1,5.0,2.0,0.5,0.05,1,0.51925,0.38075,0.0
1007,2026-04-24T13:43:47.463Z,S20260424_144242,SC01,AUTO,34.5652,65.4449,0.0626,hold,1,1500,VIDE,0.0,0.03,0.0,4.617316,-0.698132,-0.0,1,0,24.814,19.782,0.0,0.03,0.0,4.1,5.0,2.0,0.5,0.05,1,0.51732,0.38268,0.0
1008,2026-04-24T13:43:47.523Z,S20260424_144242,SC01,AUTO,34.6258,65.5055,0.0606,hold,1,1500,VIDE,0.0,0.03,0.0,4.616024,-0.698132,-0.0,1,0,24.893,18.674,0.0,0.03,0.0,4.1,5.0,2.0,0.5,0.05,1,0.51602,0.38398,0.0
1009,2026-04-24T13:43:47.594Z,S20260424_144242,SC01,AUTO,34.6969,65.5765,0.071,hold,1,1500,VIDE,0.0,0.03,0.0,4.614734,-0.698132,0.0,1,0,20.289,20.036,0.0,0.03,0.0,4.1,5.0,2.0,0.5,0.05,1,0.51473,0.38527,0.0
1010,2026-04-24T13:43:47.648Z,S20260424_144242,SC01,AUTO,34.7504,65.63,0.0535,hold,1,1500,VIDE,0.0,0.03,0.0,4.613443,-0.698132,0.0,1,0,18.724,14.746,0.0,0.03,0.0,4.1,5.0,2.0,0.5,0.05,1,0.51344,0.38656,0.0
1011,2026-04-24T13:43:47.712Z,S20260424_144242,SC01,AUTO,34.8142,65.6939,0.0638,hold,1,1500,VIDE,0.0,0.03,0.0,4.612153,-0.698132,0.0,1,0,15.215,18.695,0.0,0.03,0.0,4.1,5.0,2.0,0.5,0.05,1,0.51215,0.38785,0.0
1012,2026-04-24T13:43:47.778Z,S20260424_144242,SC01,AUTO,34.8804,65.7601,0.0662,hold,1,1500,VIDE,0.0,0.03,0.0,4.610862,-0.698132,0.0,1,0,15.735,17.648,0.0,0.03,0.0,4.1,5.0,2.0,0.5,0.05,1,0.51086,0.38914,0.0
1013,2026-04-24T13:43:47.837Z,S20260424_144242,SC01,AUTO,34.9397,65.8194,0.0593,hold,1,1500,VIDE,0.0,0.03,0.0,4.609357,-0.698132,-0.0,1,0,39.37,27.623,0.0,0.03,0.0,4.1,5.0,2.0,0.5,0.05,1,0.50936,0.39064,0.0
1014,2026-04-24T13:43:47.899Z,S20260424_144242,SC01,AUTO,35.0016,65.8813,0.0618,hold,1,1500,VIDE,0.0,0.03,0.0,4.608282,-0.698132,0.0,1,0,10.255,20.152,0.0,0.03,0.0,4.1,5.0,2.0,0.5,0.05,1,0.50828,0.39172,0.0
1015,2026-04-24T13:43:47.963Z,S20260424_144242,SC01,AUTO,35.0657,65.9454,0.0641,hold,1,1500,VIDE,0.0,0.03,0.0,4.606992,-0.698132,-0.0,1,0,21.768,19.543,0.0,0.03,0.0,4.1,5.0,2.0,0.5,0.05,1,0.50699,0.39301,0.0
1016,2026-04-24T13:43:48.027Z,S20260424_144242,SC01,AUTO,35.1292,66.0089,0.0635,hold,1,1500,VIDE,0.0,0.03,0.0,4.605703,-0.698132,-0.0,1,0,36.798,18.85,0.0,0.03,0.0,4.1,5.0,2.0,0.5,0.05,1,0.5057,0.3943,0.0
1017,2026-04-24T13:43:48.090Z,S20260424_144242,SC01,AUTO,35.1925,66.0721,0.0632,hold,1,1500,VIDE,0.0,0.03,0.0,4.604414,-0.698132,0.0,1,0,22.421,19.646,0.0,0.03,0.0,4.1,5.0,2.0,0.5,0.05,1,0.50441,0.39559,0.0
1018,2026-04-24T13:43:48.155Z,S20260424_144242,SC01,AUTO,35.2572,66.1369,0.0647,hold,1,1500,VIDE,0.0,0.03,0.0,4.603125,-0.698132,0.0,1,0,25.035,19.316,0.0,0.03,0.0,4.1,5.0,2.0,0.5,0.05,1,0.50312,0.39688,0.0
1019,2026-04-24T13:43:48.214Z,S20260424_144242,SC01,AUTO,35.3162,66.1959,0.059,hold,1,1500,VIDE,0.0,0.03,0.0,4.601836,-0.698132,0.0,1,0,23.128,15.315,0.0,0.03,0.0,4.1,5.0,2.0,0.5,0.05,1,0.50184,0.39816,0.0
1020,2026-04-24T13:43:48.277Z,S20260424_144242,SC01,AUTO,35.3794,66.2591,0.0632,hold,1,1500,VIDE,0.0,0.03,0.0,4.600547,-0.698132,0.0,1,0,21.061,16.119,0.0,0.03,0.0,4.1,5.0,2.0,0.5,0.05,1,0.50055,0.39945,0.0
1021,2026-04-24T13:43:48.337Z,S20260424_144242,SC01,AUTO,35.4393,66.3189,0.0599,hold,1,1500,VIDE,0.0,0.03,0.0,4.599258,-0.698132,-0.0,1,0,20.759,19.714,0.0,0.03,0.0,4.1,5.0,2.0,0.5,0.05,1,0.49926,0.40074,0.0
1022,2026-04-24T13:43:48.404Z,S20260424_144242,SC01,AUTO,35.507,66.3867,0.0677,hold,1,1500,VIDE,0.0,0.03,0.0,4.597541,-0.698132,0.0,1,0,46.64,0.934,0.0,0.03,0.0,4.1,5.0,2.0,0.5,0.05,1,0.49754,0.40246,0.0
1023,2026-04-24T13:43:48.464Z,S20260424_144242,SC01,AUTO,35.5664,66.4461,0.0595,hold,1,1500,VIDE,0.0,0.03,0.0,4.596467,-0.698132,0.0,1,0,26.532,5.484,0.0,0.03,0.0,4.1,5.0,2.0,0.5,0.05,1,0.49647,0.40353,0.0
1024,2026-04-24T13:43:48.530Z,S20260424_144242,SC01,AUTO,35.6324,66.5121,0.066,hold,1,1500,VIDE,0.0,0.03,0.0,4.59475,-0.698132,-0.0,1,0,26.882,19.685,0.0,0.03,0.0,4.1,5.0,2.0,0.5,0.05,1,0.49475,0.40525,0.0
1025,2026-04-24T13:43:48.586Z,S20260424_144242,SC01,AUTO,35.6883,66.5679,0.0558,hold,1,1500,VIDE,0.0,0.03,0.0,4.593463,-0.698132,-0.0,1,0,26.404,18.679,0.0,0.03,0.0,4.1,5.0,2.0,0.5,0.05,1,0.49346,0.40654,0.0
1026,2026-04-24T13:43:48.650Z,S20260424_144242,SC01,AUTO,35.7525,66.6322,0.0643,hold,1,1500,VIDE,0.0,0.03,0.0,4.592175,-0.698132,-0.0,1,0,21.922,18.663,0.0,0.03,0.0,4.1,5.0,2.0,0.5,0.05,1,0.49218,0.40782,0.0
1027,2026-04-24T13:43:48.713Z,S20260424_144242,SC01,AUTO,35.8158,66.6955,0.0633,hold,1,1500,VIDE,0.0,0.03,0.0,4.590889,-0.698132,0.0,1,0,17.028,18.873,0.0,0.03,0.0,4.1,5.0,2.0,0.5,0.05,1,0.49089,0.40911,0.0
1028,2026-04-24T13:43:48.777Z,S20260424_144242,SC01,AUTO,35.8798,66.7595,0.064,hold,1,1500,VIDE,0.0,0.03,0.0,4.589602,-0.698132,0.0,1,0,15.161,16.907,0.0,0.03,0.0,4.1,5.0,2.0,0.5,0.05,1,0.4896,0.4104,0.0
1029,2026-04-24T13:43:48.837Z,S20260424_144242,SC01,AUTO,35.9393,66.8189,0.0594,hold,1,1500,VIDE,0.0,0.03,0.0,4.5881,-0.698132,-0.0,1,0,39.411,27.508,0.0,0.03,0.0,4.1,5.0,2.0,0.5,0.05,1,0.4881,0.4119,0.0
1030,2026-04-24T13:43:48.902Z,S20260424_144242,SC01,AUTO,36.005,66.8847,0.0658,end,1,1500,VIDE,0.0,0.0,0.8,4.586385,-0.698132,0.0,1,0,19.942,19.227,0.0,0.0,0.8,0.0,4.5,2.0,1.0,0.05,0,4.58639,-0.08639,0.0
1031,2026-04-24T13:43:48.964Z,S20260424_144242,SC01,AUTO,36.0662,66.9458,0.0611,end,1,1500,VIDE,0.0,0.0,0.8,4.585742,-0.698132,0.0,1,0,41.062,10.172,0.0,0.0,0.8,0.0,4.5,2.0,1.0,0.05,0,4.58574,-0.08574,0.0
1032,2026-04-24T13:43:49.050Z,S20260424_144242,SC01,AUTO,36.1528,67.0324,0.0866,end,1,1500,VIDE,0.0,0.0,0.8,3.92859,-0.698132,0.0,1,0,29.669,0.5,0.0,0.0,0.8,0.0,4.5,2.0,1.0,0.05,1,3.92859,0.57141,0.0
1033,2026-04-24T13:43:49.089Z,S20260424_144242,SC01,AUTO,36.1915,67.0712,0.0387,end,1,1500,VIDE,0.0,0.0,0.8,3.789237,-0.698132,0.0,1,0,17.009,33.683,0.0,0.0,0.8,0.0,4.5,2.0,1.0,0.05,1,3.78924,0.71076,0.0
1034,2026-04-24T13:43:49.154Z,S20260424_144242,SC01,AUTO,36.2563,67.136,0.0647,end,1,1500,VIDE,0.0,0.0,0.8,3.380852,-0.698132,0.0,1,0,6.908,19.176,0.0,0.0,0.8,0.0,4.5,2.0,1.0,0.05,1,3.38085,1.11915,0.0
1035,2026-04-24T13:43:49.213Z,S20260424_144242,SC01,AUTO,36.3159,67.1956,0.0596,end,1,1500,VIDE,0.0,0.0,0.8,2.972625,-0.698132,0.0,1,0,27.968,24.77,0.0,0.0,0.8,0.0,4.5,2.0,1.0,0.05,1,2.97263,1.52737,0.0
1036,2026-04-24T13:43:49.274Z,S20260424_144242,SC01,AUTO,36.3771,67.2568,0.0613,end,1,1500,VIDE,0.0,0.0,0.8,2.564319,-0.698132,0.0,1,0,12.633,16.306,0.0,0.0,0.8,0.0,4.5,2.0,1.0,0.05,1,2.56432,1.93568,0.0
1037,2026-04-24T13:43:49.336Z,S20260424_144242,SC01,AUTO,36.4384,67.3181,0.0613,end,1,1500,VIDE,0.0,0.0,0.8,1.951626,-0.698132,0.0,1,0,18.247,18.695,0.0,0.0,0.8,0.0,4.5,2.0,1.0,0.05,1,1.95163,2.54837,0.0
1038,2026-04-24T13:43:49.402Z,S20260424_144242,SC01,AUTO,36.5043,67.384,0.0659,end,1,1500,VIDE,0.0,0.0,0.8,1.542909,-0.698132,0.0,1,0,18.017,19.044,0.0,0.0,0.8,0.0,4.5,2.0,1.0,0.05,1,1.54291,2.95709,0.0
1039,2026-04-24T13:43:49.463Z,S20260424_144242,SC01,AUTO,36.5652,67.4448,0.0609,end,1,1500,VIDE,0.0,0.0,0.8,1.133792,-0.698132,0.0,1,0,13.845,19.288,0.0,0.0,0.8,0.0,4.5,2.0,1.0,0.05,1,1.13379,3.36621,0.0
1040,2026-04-24T13:43:49.529Z,S20260424_144242,SC01,AUTO,36.6317,67.5114,0.0666,end,1,1500,VIDE,0.0,0.0,0.8,0.723865,-0.698132,0.0,1,0,9.455,20.003,0.0,0.0,0.8,0.0,4.5,2.0,1.0,0.05,1,0.72386,3.77614,0.0
1041,2026-04-24T13:43:49.594Z,S20260424_144242,SC01,AUTO,36.6965,67.5761,0.0647,end,1,1500,VIDE,0.0,0.0,0.8,0.171615,-0.698132,-0.0,1,0,35.153,0.99,0.0,0.0,0.8,0.0,4.5,2.0,1.0,0.05,1,0.17161,4.32839,0.0
1042,2026-04-24T13:43:49.657Z,S20260424_144242,SC01,AUTO,36.7598,67.6395,0.0634,end,1,1500,VIDE,0.0,0.0,0.8,0.000211,-0.698132,0.0,1,0,40.212,0.477,0.0,0.0,0.8,0.0,4.5,2.0,1.0,0.05,1,0.00021,4.49979,0.0
1043,2026-04-24T13:43:49.713Z,S20260424_144242,SC01,AUTO,36.8153,67.695,0.0555,end,1,1500,VIDE,0.0,0.0,0.8,0.0,-0.698132,0.0,1,0,55.062,0.499,0.0,0.0,0.8,0.0,4.5,2.0,1.0,0.05,1,0.0,4.5,0.0
1044,2026-04-24T13:43:49.777Z,S20260424_144242,SC01,AUTO,36.8798,67.7595,0.0645,end,1,1500,VIDE,0.0,0.0,0.8,0.0,-0.698132,0.0,1,0,13.355,19.044,0.0,0.0,0.8,0.0,4.5,2.0,1.0,0.05,1,0.0,4.5,0.0
1045,2026-04-24T13:43:49.837Z,S20260424_144242,SC01,AUTO,36.9399,67.8195,0.06,end,1,1500,VIDE,0.0,0.0,0.8,0.0,-0.698132,-0.0,1,0,7.933,19.001,0.0,0.0,0.8,0.0,4.5,2.0,1.0,0.05,1,0.0,4.5,0.0
1046,2026-04-24T13:43:49.898Z,S20260424_144242,SC01,AUTO,37.0006,67.8803,0.0608,end,1,1500,VIDE,0.0,0.0,0.8,0.0,-0.698132,0.0,1,0,27.967,19.158,0.0,0.0,0.8,0.0,4.5,2.0,1.0,0.05,1,0.0,4.5,0.0
1047,2026-04-24T13:43:49.962Z,S20260424_144242,SC01,AUTO,37.0649,67.9446,0.0642,end,1,1500,VIDE,0.0,0.0,0.8,0.0,-0.698132,0.0,1,0,23.326,18.923,0.0,0.0,0.8,0.0,4.5,2.0,1.0,0.05,1,0.0,4.5,0.0
1048,2026-04-24T13:43:50.031Z,S20260424_144242,SC01,AUTO,37.1332,68.0129,0.0684,end,1,1500,VIDE,0.0,0.0,0.8,0.0,-0.698132,-0.0,1,0,9.19,19.864,0.0,0.0,0.8,0.0,4.5,2.0,1.0,0.05,1,0.0,4.5,0.0
1049,2026-04-24T13:43:50.090Z,S20260424_144242,SC01,AUTO,37.1928,68.0725,0.0596,end,1,1500,VIDE,0.0,0.0,0.8,0.0,-0.698132,0.0,1,0,25.174,20.199,0.0,0.0,0.8,0.0,4.5,2.0,1.0,0.05,1,0.0,4.5,0.0
1050,2026-04-24T13:43:50.154Z,S20260424_144242,SC01,AUTO,37.2564,68.1361,0.0637,end,1,1500,VIDE,0.0,0.0,0.8,0.0,-0.698132,-0.0,1,0,24.987,19.441,0.0,0.0,0.8,0.0,4.5,2.0,1.0,0.05,1,0.0,4.5,0.0
1051,2026-04-24T13:43:50.212Z,S20260424_144242,SC01,AUTO,37.3148,68.1944,0.0583,end,1,1500,VIDE,0.0,0.0,0.8,0.0,-0.698132,-0.0,1,0,21.778,15.743,0.0,0.0,0.8,0.0,4.5,2.0,1.0,0.05,1,0.0,4.5,0.0
1052,2026-04-24T13:43:50.277Z,S20260424_144242,SC01,AUTO,37.3794,68.2591,0.0646,end,1,1500,VIDE,0.0,0.0,0.8,0.0,-0.698132,0.0,1,0,21.165,16.968,0.0,0.0,0.8,0.0,4.5,2.0,1.0,0.05,1,0.0,4.5,0.0
1053,2026-04-24T13:43:50.337Z,S20260424_144242,SC01,AUTO,37.4395,68.3191,0.0601,end,1,1500,VIDE,0.0,0.0,0.8,0.0,-0.698132,0.0,1,0,18.923,20.595,0.0,0.0,0.8,0.0,4.5,2.0,1.0,0.05,1,0.0,4.5,0.0
1054,2026-04-24T13:43:50.405Z,S20260424_144242,SC01,AUTO,37.508,68.3877,0.0686,end,1,1500,VIDE,0.0,0.0,0.8,0.0,-0.698132,-0.0,1,0,26.787,19.578,0.0,0.0,0.8,0.0,4.5,2.0,1.0,0.05,1,0.0,4.5,0.0
1055,2026-04-24T13:43:50.464Z,S20260424_144242,SC01,AUTO,37.5664,68.4461,0.0584,end,1,1500,VIDE,0.0,0.0,0.8,0.0,-0.698132,-0.0,1,0,24.392,19.348,0.0,0.0,0.8,0.0,4.5,2.0,1.0,0.05,1,0.0,4.5,0.0
1056,2026-04-24T13:43:50.530Z,S20260424_144242,SC01,AUTO,37.6322,68.5119,0.0658,end,1,1500,VIDE,0.0,0.0,0.8,0.0,-0.698132,-0.0,1,0,23.593,19.367,0.0,0.0,0.8,0.0,4.5,2.0,1.0,0.05,1,0.0,4.5,0.0
1057,2026-04-24T13:43:50.585Z,S20260424_144242,SC01,AUTO,37.6881,68.5677,0.0559,end,1,1500,VIDE,0.0,0.0,0.8,0.0,-0.698132,0.0,1,0,18.502,19.281,0.0,0.0,0.8,0.0,4.5,2.0,1.0,0.05,1,0.0,4.5,0.0
1058,2026-04-24T13:43:50.651Z,S20260424_144242,SC01,AUTO,37.7532,68.6328,0.0651,end,1,1500,VIDE,0.0,0.0,0.8,0.0,-0.698132,0.0,1,0,15.586,19.979,0.0,0.0,0.8,0.0,4.5,2.0,1.0,0.05,1,0.0,4.5,0.0
1059,2026-04-24T13:43:50.714Z,S20260424_144242,SC01,AUTO,37.8169,68.6966,0.0637,end,1,1500,VIDE,0.0,0.0,0.8,0.0,-0.698132,0.0,1,0,13.641,20.108,0.0,0.0,0.8,0.0,4.5,2.0,1.0,0.05,1,0.0,4.5,0.0
1060,2026-04-24T13:43:50.775Z,S20260424_144242,SC01,AUTO,37.8778,68.7575,0.061,end,1,1500,VIDE,0.0,0.0,0.8,0.0,-0.698132,0.0,1,0,37.773,9.817,0.0,0.0,0.8,0.0,4.5,2.0,1.0,0.05,1,0.0,4.5,0.0
1061,2026-04-24T13:43:50.837Z,S20260424_144242,SC01,AUTO,37.9398,68.8194,0.0619,end,1,1500,VIDE,0.0,0.0,0.8,0.0,-0.698132,0.0,1,0,17.349,19.866,0.0,0.0,0.8,0.0,4.5,2.0,1.0,0.05,1,0.0,4.5,0.0
1062,2026-04-24T13:43:50.899Z,S20260424_144242,SC01,AUTO,38.0013,68.881,0.0617,end,1,1500,VIDE,0.0,0.0,0.8,0.0,-0.698132,0.0,1,0,14.745,19.193,0.0,0.0,0.8,0.0,4.5,2.0,1.0,0.05,1,0.0,4.5,0.0
1063,2026-04-24T13:43:50.963Z,S20260424_144242,SC01,AUTO,38.0662,68.9458,0.0648,end,1,1500,VIDE,0.0,0.0,0.8,0.0,-0.698132,0.0,1,0,9.665,18.81,0.0,0.0,0.8,0.0,4.5,2.0,1.0,0.05,1,0.0,4.5,0.0
1064,2026-04-24T13:43:51.034Z,S20260424_144242,SC01,AUTO,38.1365,69.0162,0.0704,end,1,1500,VIDE,0.0,0.0,0.8,0.0,-0.698132,0.0,1,0,13.582,19.705,0.0,0.0,0.8,0.0,4.5,2.0,1.0,0.05,1,0.0,4.5,0.0
1065,2026-04-24T13:43:51.087Z,S20260424_144242,SC01,AUTO,38.19,69.0697,0.0534,end,1,1500,VIDE,0.0,0.0,0.8,0.0,-0.698132,0.0,1,0,10.096,19.022,0.0,0.0,0.8,0.0,4.5,2.0,1.0,0.05,1,0.0,4.5,0.0
1066,2026-04-24T13:43:51.151Z,S20260424_144242,SC01,AUTO,38.2539,69.1336,0.0639,end,1,1500,VIDE,0.0,0.0,0.8,0.0,-0.698132,-0.0,1,0,7.898,20.023,0.0,0.0,0.8,0.0,4.5,2.0,1.0,0.05,1,0.0,4.5,0.0
1067,2026-04-24T13:43:51.211Z,S20260424_144242,SC01,AUTO,38.3139,69.1936,0.06,end,1,1500,VIDE,0.0,0.0,0.8,0.0,-0.698132,0.0,1,0,25.272,19.506,0.0,0.0,0.8,0.0,4.5,2.0,1.0,0.05,1,0.0,4.5,0.0
1068,2026-04-24T13:43:51.274Z,S20260424_144242,SC01,AUTO,38.3771,69.2567,0.0631,end,1,1500,VIDE,0.0,0.0,0.8,0.0,-0.698132,0.0,1,0,21.115,19.187,0.0,0.0,0.8,0.0,4.5,2.0,1.0,0.05,1,0.0,4.5,0.0
1069,2026-04-24T13:43:51.338Z,S20260424_144242,SC01,AUTO,38.4403,69.32,0.0632,end,1,1500,VIDE,0.0,0.0,0.8,0.0,-0.698132,-0.0,1,0,18.736,14.828,0.0,0.0,0.8,0.0,4.5,2.0,1.0,0.05,1,0.0,4.5,0.0
1070,2026-04-24T13:43:51.402Z,S20260424_144242,SC01,AUTO,38.5045,69.3842,0.0643,end,1,1500,VIDE,0.0,0.0,0.8,0.0,-0.698132,-0.0,1,0,24.758,18.976,0.0,0.0,0.8,0.0,4.5,2.0,1.0,0.05,1,0.0,4.5,0.0
1071,2026-04-24T13:43:51.463Z,S20260424_144242,SC01,AUTO,38.5661,69.4458,0.0616,end,1,1500,VIDE,0.0,0.0,0.8,0.0,-0.698132,0.0,1,0,20.546,19.193,0.0,0.0,0.8,0.0,4.5,2.0,1.0,0.05,1,0.0,4.5,0.0
1072,2026-04-24T13:43:51.526Z,S20260424_144242,SC01,AUTO,38.6291,69.5088,0.063,end,1,1500,VIDE,0.0,0.0,0.8,0.0,-0.698132,0.0,1,0,16.577,19.14,0.0,0.0,0.8,0.0,4.5,2.0,1.0,0.05,1,0.0,4.5,0.0
1073,2026-04-24T13:43:51.590Z,S20260424_144242,SC01,AUTO,38.6923,69.5719,0.0631,end,1,1500,VIDE,0.0,0.0,0.8,0.0,-0.698132,0.0,1,0,13.12,18.631,0.0,0.0,0.8,0.0,4.5,2.0,1.0,0.05,1,0.0,4.5,0.0
1074,2026-04-24T13:43:51.650Z,S20260424_144242,SC01,AUTO,38.7529,69.6326,0.0607,end,1,1500,VIDE,0.0,0.0,0.8,0.0,-0.698132,0.0,1,0,11.718,19.03,0.0,0.0,0.8,0.0,4.5,2.0,1.0,0.05,1,0.0,4.5,0.0
1075,2026-04-24T13:43:51.712Z,S20260424_144242,SC01,AUTO,38.8147,69.6944,0.0618,end,1,1500,VIDE,0.0,0.0,0.8,0.0,-0.698132,-0.0,1,0,34.637,3.91,0.0,0.0,0.8,0.0,4.5,2.0,1.0,0.05,1,0.0,4.5,0.0
1076,2026-04-24T13:43:51.774Z,S20260424_144242,SC01,AUTO,38.8769,69.7565,0.0621,end,1,1500,VIDE,0.0,0.0,0.8,0.0,-0.698132,0.0,1,0,13.859,18.893,0.0,0.0,0.8,0.0,4.5,2.0,1.0,0.05,1,0.0,4.5,0.0
1077,2026-04-24T13:43:51.837Z,S20260424_144242,SC01,AUTO,38.9401,69.8198,0.0633,end,1,1500,VIDE,0.0,0.0,0.8,0.0,-0.698132,-0.0,1,0,8.911,19.321,0.0,0.0,0.8,0.0,4.5,2.0,1.0,0.05,1,0.0,4.5,0.0
1078,2026-04-24T13:43:51.898Z,S20260424_144242,SC01,AUTO,39.0004,69.8801,0.0603,end,1,1500,VIDE,0.0,0.0,0.8,0.0,-0.698132,-0.0,1,0,25.518,17.805,0.0,0.0,0.8,0.0,4.5,2.0,1.0,0.05,1,0.0,4.5,0.0
1079,2026-04-24T13:43:51.962Z,S20260424_144242,SC01,AUTO,39.0647,69.9444,0.0643,end,1,1500,VIDE,0.0,0.0,0.8,0.0,-0.698132,0.0,1,0,22.042,15.781,0.0,0.0,0.8,0.0,4.5,2.0,1.0,0.05,1,0.0,4.5,0.0
1080,2026-04-24T13:43:52.027Z,S20260424_144242,SC01,AUTO,39.1293,70.009,0.0646,end,1,1500,VIDE,0.0,0.0,0.8,0.0,-0.698132,0.0,1,0,24.239,20.631,0.0,0.0,0.8,0.0,4.5,2.0,1.0,0.05,1,0.0,4.5,0.0
1081,2026-04-24T13:43:52.090Z,S20260424_144242,SC01,AUTO,39.1928,70.0725,0.0635,end,1,1500,VIDE,0.0,0.0,0.8,0.0,-0.698132,0.0,1,0,22.48,19.304,0.0,0.0,0.8,0.0,4.5,2.0,1.0,0.05,1,0.0,4.5,0.0
1082,2026-04-24T13:43:52.154Z,S20260424_144242,SC01,AUTO,39.2569,70.1366,0.0641,end,1,1500,VIDE,0.0,0.0,0.8,0.0,-0.698132,-0.0,1,0,18.66,18.975,0.0,0.0,0.8,0.0,4.5,2.0,1.0,0.05,1,0.0,4.5,0.0
1083,2026-04-24T13:43:52.213Z,S20260424_144242,SC01,AUTO,39.3161,70.1958,0.0593,end,1,1500,VIDE,0.0,0.0,0.8,0.0,-0.698132,0.0,1,0,22.197,0.353,0.0,0.0,0.8,0.0,4.5,2.0,1.0,0.05,1,0.0,4.5,0.0
1084,2026-04-24T13:43:52.278Z,S20260424_144242,SC01,AUTO,39.3803,70.26,0.0642,end,1,1500,VIDE,0.0,0.0,0.8,0.0,-0.698132,0.0,1,0,13.66,16.365,0.0,0.0,0.8,0.0,4.5,2.0,1.0,0.05,1,0.0,4.5,0.0
1085,2026-04-24T13:43:52.338Z,S20260424_144242,SC01,AUTO,39.4403,70.32,0.06,end,1,1500,VIDE,0.0,0.0,0.8,0.0,-0.698132,0.0,1,0,30.492,19.133,0.0,0.0,0.8,0.0,4.5,2.0,1.0,0.05,1,0.0,4.5,0.0
1086,2026-04-24T13:43:52.397Z,S20260424_144242,SC01,AUTO,39.5001,70.3798,0.0598,end,1,1500,VIDE,0.0,0.0,0.8,0.0,-0.698132,0.0,1,0,7.843,19.897,0.0,0.0,0.8,0.0,4.5,2.0,1.0,0.05,1,0.0,4.5,0.0
1087,2026-04-24T13:43:52.464Z,S20260424_144242,SC01,AUTO,39.5666,70.4463,0.0665,end,1,1500,VIDE,0.0,0.0,0.8,0.0,-0.698132,0.0,1,0,22.689,19.508,0.0,0.0,0.8,0.0,4.5,2.0,1.0,0.05,1,0.0,4.5,0.0
1088,2026-04-24T13:43:52.524Z,S20260424_144242,SC01,AUTO,39.6263,70.5059,0.0596,end,1,1500,VIDE,0.0,0.0,0.8,0.0,-0.698132,0.0,1,0,26.201,19.398,0.0,0.0,0.8,0.0,4.5,2.0,1.0,0.05,1,0.0,4.5,0.0
1089,2026-04-24T13:43:52.586Z,S20260424_144242,SC01,AUTO,39.6882,70.5679,0.062,end,1,1500,VIDE,0.0,0.0,0.8,0.0,-0.698132,0.0,1,0,27.696,19.242,0.0,0.0,0.8,0.0,4.5,2.0,1.0,0.05,1,0.0,4.5,0.0
1090,2026-04-24T13:43:52.649Z,S20260424_144242,SC01,AUTO,39.7514,70.6311,0.0632,end,1,1500,VIDE,0.0,0.0,0.8,0.0,-0.698132,0.0,1,0,21.136,20.114,0.0,0.0,0.8,0.0,4.5,2.0,1.0,0.05,1,0.0,4.5,0.0
1091,2026-04-24T13:43:52.711Z,S20260424_144242,SC01,AUTO,39.8138,70.6935,0.0623,end,1,1500,VIDE,0.0,0.0,0.8,0.0,-0.698132,0.0,1,0,18.9,19.419,0.0,0.0,0.8,0.0,4.5,2.0,1.0,0.05,1,0.0,4.5,0.0
1092,2026-04-24T13:43:52.774Z,S20260424_144242,SC01,AUTO,39.877,70.7567,0.0632,end,1,1500,VIDE,0.0,0.0,0.8,0.0,-0.698132,0.0,1,0,15.445,18.73,0.0,0.0,0.8,0.0,4.5,2.0,1.0,0.05,1,0.0,4.5,0.0
1093,2026-04-24T13:43:52.837Z,S20260424_144242,SC01,AUTO,39.9392,70.8189,0.0623,end,1,1500,VIDE,0.0,0.0,0.8,0.0,-0.698132,0.0,1,0,18.522,19.023,0.0,0.0,0.8,0.0,4.5,2.0,1.0,0.05,1,0.0,4.5,0.0
1094,2026-04-24T13:43:52.899Z,S20260424_144242,SC01,AUTO,40.0016,70.8813,0.0624,end,1,1500,VIDE,0.0,0.0,0.8,0.0,-0.698132,0.0,1,0,12.88,20.114,0.0,0.0,0.8,0.0,4.5,2.0,1.0,0.05,1,0.0,4.5,0.0
1095,2026-04-24T13:43:52.962Z,S20260424_144242,SC01,AUTO,40.0644,70.9441,0.0628,end,1,1500,VIDE,0.0,0.0,0.8,0.0,-0.698132,0.0,1,0,10.169,19.734,0.0,0.0,0.8,0.0,4.5,2.0,1.0,0.05,1,0.0,4.5,0.0
1096,2026-04-24T13:43:53.025Z,S20260424_144242,SC01,AUTO,40.1276,71.0073,0.0631,end,1,1500,VIDE,0.0,0.0,0.8,0.0,-0.698132,0.0,1,0,8.91,19.47,0.0,0.0,0.8,0.0,4.5,2.0,1.0,0.05,1,0.0,4.5,0.0
1097,2026-04-24T13:43:53.086Z,S20260424_144242,SC01,AUTO,40.1889,71.0686,0.0614,end,1,1500,VIDE,0.0,0.0,0.8,0.0,-0.698132,0.0,1,0,27.708,19.834,0.0,0.0,0.8,0.0,4.5,2.0,1.0,0.05,1,0.0,4.5,0.0
1098,2026-04-24T13:43:53.149Z,S20260424_144242,SC01,AUTO,40.2515,71.1312,0.0626,end,1,1500,VIDE,0.0,0.0,0.8,0.0,-0.698132,0.0,1,0,25.498,19.775,0.0,0.0,0.8,0.0,4.5,2.0,1.0,0.05,1,0.0,4.5,0.0
1099,2026-04-24T13:43:53.211Z,S20260424_144242,SC01,AUTO,40.3135,71.1932,0.062,end,1,1500,VIDE,0.0,0.0,0.8,0.0,-0.698132,0.0,1,0,10.191,19.405,0.0,0.0,0.8,0.0,4.5,2.0,1.0,0.05,1,0.0,4.5,0.0
1100,2026-04-24T13:43:53.273Z,S20260424_144242,SC01,AUTO,40.3757,71.2554,0.0622,end,1,1500,VIDE,0.0,0.0,0.8,0.0,-0.698132,0.0,1,0,8.033,20.333,0.0,0.0,0.8,0.0,4.5,2.0,1.0,0.05,1,0.0,4.5,0.0
1101,2026-04-24T13:43:53.335Z,S20260424_144242,SC01,AUTO,40.4378,71.3174,0.0622,end,1,1500,VIDE,0.0,0.0,0.8,0.0,-0.698132,0.0,1,0,6.897,20.102,0.0,0.0,0.8,0.0,4.5,2.0,1.0,0.05,1,0.0,4.5,0.0
1102,2026-04-24T13:43:53.403Z,S20260424_144242,SC01,AUTO,40.5055,71.3852,0.0676,end,1,1500,VIDE,0.0,0.0,0.8,0.0,-0.698132,0.0,1,0,23.593,15.783,0.0,0.0,0.8,0.0,4.5,2.0,1.0,0.05,1,0.0,4.5,0.0
1103,2026-04-24T13:43:53.463Z,S20260424_144242,SC01,AUTO,40.566,71.4457,0.0606,end,1,1500,VIDE,0.0,0.0,0.8,0.0,-0.698132,0.0,1,0,22.527,19.096,0.0,0.0,0.8,0.0,4.5,2.0,1.0,0.05,1,0.0,4.5,0.0
1104,2026-04-24T13:43:53.527Z,S20260424_144242,SC01,AUTO,40.6297,71.5094,0.0637,end,1,1500,VIDE,0.0,0.0,0.8,0.0,-0.698132,0.0,1,0,8.51,19.405,0.0,0.0,0.8,0.0,4.5,2.0,1.0,0.05,1,0.0,4.5,0.0
1105,2026-04-24T13:43:53.591Z,S20260424_144242,SC01,AUTO,40.6935,71.5732,0.0638,end,1,1500,VIDE,0.0,0.0,0.8,0.0,-0.698132,0.0,1,0,26.683,20.043,0.0,0.0,0.8,0.0,4.5,2.0,1.0,0.05,1,0.0,4.5,0.0
1106,2026-04-24T13:43:53.657Z,S20260424_144242,SC01,AUTO,40.7598,71.6395,0.0661,end,1,1500,VIDE,0.0,0.0,0.8,0.0,-0.698132,0.0,1,0,22.297,19.752,0.0,0.0,0.8,0.0,4.5,2.0,1.0,0.05,1,0.0,4.5,0.0
1107,2026-04-24T13:43:53.712Z,S20260424_144242,SC01,AUTO,40.8145,71.6942,0.0548,end,1,1500,VIDE,0.0,0.0,0.8,0.0,-0.698132,0.0,1,0,23.115,19.557,0.0,0.0,0.8,0.0,4.5,2.0,1.0,0.05,1,0.0,4.5,0.0
1108,2026-04-24T13:43:53.774Z,S20260424_144242,SC01,AUTO,40.8766,71.7562,0.0621,end,1,1500,VIDE,0.0,0.0,0.8,0.0,-0.698132,0.0,1,0,21.519,18.994,0.0,0.0,0.8,0.0,4.5,2.0,1.0,0.05,1,0.0,4.5,0.0
1109,2026-04-24T13:43:53.837Z,S20260424_144242,SC01,AUTO,40.9394,71.819,0.0628,end,1,1500,VIDE,0.0,0.0,0.8,0.0,-0.698132,0.0,1,0,19.414,15.648,0.0,0.0,0.8,0.0,4.5,2.0,1.0,0.05,1,0.0,4.5,0.0
1110,2026-04-24T13:43:53.901Z,S20260424_144242,SC01,AUTO,41.0034,71.8831,0.064,end,1,1500,VIDE,0.0,0.0,0.8,0.0,-0.698132,0.0,1,0,14.955,19.853,0.0,0.0,0.8,0.0,4.5,2.0,1.0,0.05,1,0.0,4.5,0.0
1111,2026-04-24T13:43:53.963Z,S20260424_144242,SC01,AUTO,41.0657,71.9454,0.0623,end,1,1500,VIDE,0.0,0.0,0.8,0.0,-0.698132,0.0,1,0,20.353,20.739,0.0,0.0,0.8,0.0,4.5,2.0,1.0,0.05,1,0.0,4.5,0.0
1112,2026-04-24T13:43:54.024Z,S20260424_144242,SC01,AUTO,41.1268,72.0065,0.0611,end,1,1500,VIDE,0.0,0.0,0.8,0.0,-0.698132,0.0,1,0,23.32,18.621,0.0,0.0,0.8,0.0,4.5,2.0,1.0,0.05,1,0.0,4.5,0.0
1113,2026-04-24T13:43:54.087Z,S20260424_144242,SC01,AUTO,41.1894,72.069,0.0625,end,1,1500,VIDE,0.0,0.0,0.8,0.0,-0.698132,0.0,1,0,16.273,19.156,0.0,0.0,0.8,0.0,4.5,2.0,1.0,0.05,1,0.0,4.5,0.0
1114,2026-04-24T13:43:54.151Z,S20260424_144242,SC01,AUTO,41.2538,72.1335,0.0644,end,1,1500,VIDE,0.0,0.0,0.8,0.0,-0.698132,0.0,1,0,15.539,19.615,0.0,0.0,0.8,0.0,4.5,2.0,1.0,0.05,1,0.0,4.5,0.0
1115,2026-04-24T13:43:54.214Z,S20260424_144242,SC01,AUTO,41.3163,72.196,0.0625,end,1,1500,VIDE,0.0,0.0,0.8,0.0,-0.698132,0.0,1,0,11.888,18.986,0.0,0.0,0.8,0.0,4.5,2.0,1.0,0.05,1,0.0,4.5,0.0
1116,2026-04-24T13:43:54.277Z,S20260424_144242,SC01,AUTO,41.3793,72.2589,0.063,end,1,1500,VIDE,0.0,0.0,0.8,0.0,-0.698132,0.0,1,0,19.013,19.675,0.0,0.0,0.8,0.0,4.5,2.0,1.0,0.05,1,0.0,4.5,0.0
1117,2026-04-24T13:43:54.337Z,S20260424_144242,SC01,AUTO,41.4397,72.3194,0.0605,end,1,1500,VIDE,0.0,0.0,0.8,0.0,-0.698132,0.0,1,0,18.978,18.443,0.0,0.0,0.8,0.0,4.5,2.0,1.0,0.05,1,0.0,4.5,0.0
1118,2026-04-24T13:43:54.405Z,S20260424_144242,SC01,AUTO,41.5079,72.3876,0.0682,end,1,1500,VIDE,0.0,0.0,0.8,0.0,-0.698132,0.0,1,0,15.787,19.358,0.0,0.0,0.8,0.0,4.5,2.0,1.0,0.05,1,0.0,4.5,0.0
1119,2026-04-24T13:43:54.462Z,S20260424_144242,SC01,AUTO,41.5647,72.4443,0.0568,end,1,1500,VIDE,0.0,0.0,0.8,0.0,-0.698132,0.0,1,0,13.052,19.165,0.0,0.0,0.8,0.0,4.5,2.0,1.0,0.05,1,0.0,4.5,0.0
1120,2026-04-24T13:43:54.530Z,S20260424_144242,SC01,AUTO,41.6329,72.5125,0.0682,end,1,1500,VIDE,0.0,0.0,0.8,0.0,-0.698132,0.0,1,0,8.887,19.156,0.0,0.0,0.8,0.0,4.5,2.0,1.0,0.05,1,0.0,4.5,0.0
1121,2026-04-24T13:43:54.586Z,S20260424_144242,SC01,AUTO,41.6885,72.5682,0.0557,end,1,1500,VIDE,0.0,0.0,0.8,0.0,-0.698132,0.0,1,0,25.711,18.833,0.0,0.0,0.8,0.0,4.5,2.0,1.0,0.05,1,0.0,4.5,0.0
1122,2026-04-24T13:43:54.650Z,S20260424_144242,SC01,AUTO,41.7527,72.6324,0.0642,end,1,1500,VIDE,0.0,0.0,0.8,0.0,-0.698132,0.0,1,0,11.433,19.431,0.0,0.0,0.8,0.0,4.5,2.0,1.0,0.05,1,0.0,4.5,0.0
1123,2026-04-24T13:43:54.713Z,S20260424_144242,SC01,AUTO,41.8156,72.6953,0.0629,end,1,1500,VIDE,0.0,0.0,0.8,0.0,-0.698132,0.0,1,0,8.42,19.6,0.0,0.0,0.8,0.0,4.5,2.0,1.0,0.05,1,0.0,4.5,0.0
1124,2026-04-24T13:43:54.778Z,S20260424_144242,SC01,AUTO,41.8802,72.7599,0.0646,end,1,1500,VIDE,0.0,0.0,0.8,0.0,-0.698132,0.0,1,0,24.601,18.332,0.0,0.0,0.8,0.0,4.5,2.0,1.0,0.05,1,0.0,4.5,0.0
1125,2026-04-24T13:43:54.838Z,S20260424_144242,SC01,AUTO,41.9405,72.8202,0.0603,end,1,1500,VIDE,0.0,0.0,0.8,0.0,-0.698132,0.0,1,0,22.825,19.119,0.0,0.0,0.8,0.0,4.5,2.0,1.0,0.05,1,0.0,4.5,0.0
1126,2026-04-24T13:43:54.903Z,S20260424_144242,SC01,AUTO,42.0059,72.8855,0.0653,end,1,1500,VIDE,0.0,0.0,0.8,0.0,-0.698132,0.0,1,0,21.561,18.28,0.0,0.0,0.8,0.0,4.5,2.0,1.0,0.05,1,0.0,4.5,0.0
1127,2026-04-24T13:43:54.964Z,S20260424_144242,SC01,AUTO,42.0663,72.9459,0.0604,end,1,1500,VIDE,0.0,0.0,0.8,0.0,-0.698132,0.0,1,0,19.357,20.197,0.0,0.0,0.8,0.0,4.5,2.0,1.0,0.05,1,0.0,4.5,0.0
1128,2026-04-24T13:43:55.031Z,S20260424_144242,SC01,AUTO,42.1337,73.0134,0.0674,end,1,1500,VIDE,0.0,0.0,0.8,0.0,-0.698132,0.0,1,0,26.157,19.628,0.0,0.0,0.8,0.0,4.5,2.0,1.0,0.05,1,0.0,4.5,0.0
1129,2026-04-24T13:43:55.094Z,S20260424_144242,SC01,AUTO,42.197,73.0767,0.0633,end,1,1500,VIDE,0.0,0.0,0.8,0.0,-0.698132,0.0,1,0,22.052,20.302,0.0,0.0,0.8,0.0,4.5,2.0,1.0,0.05,1,0.0,4.5,0.0
1130,2026-04-24T13:43:55.151Z,S20260424_144242,SC01,AUTO,42.2538,73.1335,0.0568,end,1,1500,VIDE,0.0,0.0,0.8,0.0,-0.698132,0.0,1,0,19.065,15.232,0.0,0.0,0.8,0.0,4.5,2.0,1.0,0.05,1,0.0,4.5,0.0
1131,2026-04-24T13:43:55.214Z,S20260424_144242,SC01,AUTO,42.3166,73.1962,0.0627,end,1,1500,VIDE,0.0,0.0,0.8,0.0,-0.698132,0.0,1,0,18.193,18.197,0.0,0.0,0.8,0.0,4.5,2.0,1.0,0.05,1,0.0,4.5,0.0
1132,2026-04-24T13:43:55.274Z,S20260424_144242,SC01,AUTO,42.3768,73.2565,0.0603,end,1,1500,VIDE,0.0,0.0,0.8,0.0,-0.698132,0.0,1,0,14.513,16.142,0.0,0.0,0.8,0.0,4.5,2.0,1.0,0.05,1,0.0,4.5,0.0
1133,2026-04-24T13:43:55.337Z,S20260424_144242,SC01,AUTO,42.4395,73.3192,0.0627,end,1,1500,VIDE,0.0,0.0,0.8,0.0,-0.698132,0.0,1,0,31.123,23.696,0.0,0.0,0.8,0.0,4.5,2.0,1.0,0.05,1,0.0,4.5,0.0
1134,2026-04-24T13:43:55.399Z,S20260424_144242,SC01,AUTO,42.5016,73.3813,0.0621,end,1,1500,VIDE,0.0,0.0,0.8,0.0,-0.698132,0.0,1,0,19.257,19.472,0.0,0.0,0.8,0.0,4.5,2.0,1.0,0.05,1,0.0,4.5,0.0
1135,2026-04-24T13:43:55.461Z,S20260424_144242,SC01,AUTO,42.564,73.4436,0.0623,end,1,1500,VIDE,0.0,0.0,0.8,0.0,-0.698132,0.0,1,0,15.035,20.339,0.0,0.0,0.8,0.0,4.5,2.0,1.0,0.05,1,0.0,4.5,0.0
1136,2026-04-24T13:43:55.531Z,S20260424_144242,SC01,AUTO,42.6334,73.513,0.0694,end,1,1500,VIDE,0.0,0.0,0.8,0.0,-0.698132,0.0,1,0,13.338,19.362,0.0,0.0,0.8,0.0,4.5,2.0,1.0,0.05,1,0.0,4.5,0.0
1137,2026-04-24T13:43:55.595Z,S20260424_144242,SC01,AUTO,42.6975,73.5772,0.0642,end,1,1500,VIDE,0.0,0.0,0.8,0.0,-0.698132,0.0,1,0,14.173,18.742,0.0,0.0,0.8,0.0,4.5,2.0,1.0,0.05,1,0.0,4.5,0.0
1138,2026-04-24T13:43:55.657Z,S20260424_144242,SC01,AUTO,42.7597,73.6393,0.0621,end,1,1500,VIDE,0.0,0.0,0.8,0.0,-0.698132,0.0,1,0,13.76,15.06,0.0,0.0,0.8,0.0,4.5,2.0,1.0,0.05,1,0.0,4.5,0.0
1139,2026-04-24T13:43:55.713Z,S20260424_144242,SC01,AUTO,42.8156,73.6953,0.056,end,1,1500,VIDE,0.0,0.0,0.8,0.0,-0.698132,0.0,1,0,13.998,19.55,0.0,0.0,0.8,0.0,4.5,2.0,1.0,0.05,1,0.0,4.5,0.0
1140,2026-04-24T13:43:55.777Z,S20260424_144242,SC01,AUTO,42.8797,73.7594,0.0642,end,1,1500,VIDE,0.0,0.0,0.8,0.0,-0.698132,0.0,1,0,16.762,19.027,0.0,0.0,0.8,0.0,4.5,2.0,1.0,0.05,1,0.0,4.5,0.0
1141,2026-04-24T13:43:55.837Z,S20260424_144242,SC01,AUTO,42.9398,73.8194,0.06,end,1,1500,VIDE,0.0,0.0,0.8,0.0,-0.698132,0.0,1,0,15.705,19.793,0.0,0.0,0.8,0.0,4.5,2.0,1.0,0.05,1,0.0,4.5,0.0
1142,2026-04-24T13:43:55.898Z,S20260424_144242,SC01,AUTO,43.001,73.8807,0.0613,end,1,1500,VIDE,0.0,0.0,0.8,0.0,-0.698132,0.0,1,0,8.846,19.006,0.0,0.0,0.8,0.0,4.5,2.0,1.0,0.05,1,0.0,4.5,0.0
1143,2026-04-24T13:43:55.961Z,S20260424_144242,SC01,AUTO,43.064,73.9437,0.0629,end,1,1500,VIDE,0.0,0.0,0.8,0.0,-0.698132,0.0,1,0,25.194,19.162,0.0,0.0,0.8,0.0,4.5,2.0,1.0,0.05,1,0.0,4.5,0.0
1144,2026-04-24T13:43:56.038Z,S20260424_144242,SC01,AUTO,43.1405,74.0201,0.0765,end,1,1500,VIDE,0.0,0.0,0.8,0.0,-0.698132,0.0,1,0,16.869,19.112,0.0,0.0,0.8,0.0,4.5,2.0,1.0,0.05,1,0.0,4.5,0.0
1145,2026-04-24T13:43:56.089Z,S20260424_144242,SC01,AUTO,43.1912,74.0709,0.0508,end,1,1500,VIDE,0.0,0.0,0.8,0.0,-0.698132,0.0,1,0,26.832,21.879,0.0,0.0,0.8,0.0,4.5,2.0,1.0,0.05,1,0.0,4.5,0.0
1146,2026-04-24T13:43:56.154Z,S20260424_144242,SC01,AUTO,43.2565,74.1362,0.0653,end,1,1500,VIDE,0.0,0.0,0.8,0.0,-0.698132,0.0,1,0,11.082,19.278,0.0,0.0,0.8,0.0,4.5,2.0,1.0,0.05,1,0.0,4.5,0.0
1147,2026-04-24T13:43:56.212Z,S20260424_144242,SC01,AUTO,43.315,74.1947,0.0585,end,1,1500,VIDE,0.0,0.0,0.8,0.0,-0.698132,0.0,1,0,27.647,23.691,0.0,0.0,0.8,0.0,4.5,2.0,1.0,0.05,1,0.0,4.5,0.0
1148,2026-04-24T13:43:56.278Z,S20260424_144242,SC01,AUTO,43.3803,74.26,0.0654,end,1,1500,VIDE,0.0,0.0,0.8,0.0,-0.698132,0.0,1,0,40.644,24.472,0.0,0.0,0.8,0.0,4.5,2.0,1.0,0.05,1,0.0,4.5,0.0
1149,2026-04-24T13:43:56.338Z,S20260424_144242,SC01,AUTO,43.4402,74.3199,0.0599,end,1,1500,VIDE,0.0,0.0,0.8,0.0,-0.698132,0.0,1,0,20.171,18.983,0.0,0.0,0.8,0.0,4.5,2.0,1.0,0.05,1,0.0,4.5,0.0
1150,2026-04-24T13:43:56.400Z,S20260424_144242,SC01,AUTO,43.5024,74.3821,0.0622,end,1,1500,VIDE,0.0,0.0,0.8,0.0,-0.698132,0.0,1,0,17.416,18.706,0.0,0.0,0.8,0.0,4.5,2.0,1.0,0.05,1,0.0,4.5,0.0
1151,2026-04-24T13:43:56.462Z,S20260424_144242,SC01,AUTO,43.5647,74.4443,0.0623,end,1,1500,VIDE,0.0,0.0,0.8,0.0,-0.698132,0.0,1,0,16.965,18.679,0.0,0.0,0.8,0.0,4.5,2.0,1.0,0.05,1,0.0,4.5,0.0
1152,2026-04-24T13:43:56.524Z,S20260424_144242,SC01,AUTO,43.6271,74.5068,0.0624,end,1,1500,VIDE,0.0,0.0,0.8,0.0,-0.698132,0.0,1,0,12.614,19.757,0.0,0.0,0.8,0.0,4.5,2.0,1.0,0.05,1,0.0,4.5,0.0
1153,2026-04-24T13:43:56.586Z,S20260424_144242,SC01,AUTO,43.6882,74.5678,0.0611,end,1,1500,VIDE,0.0,0.0,0.8,0.0,-0.698132,0.0,1,0,13.678,19.458,0.0,0.0,0.8,0.0,4.5,2.0,1.0,0.05,1,0.0,4.5,0.0
1154,2026-04-24T13:43:56.650Z,S20260424_144242,SC01,AUTO,43.7527,74.6324,0.0645,end,1,1500,VIDE,0.0,0.0,0.8,0.0,-0.698132,0.0,1,0,13.625,19.336,0.0,0.0,0.8,0.0,4.5,2.0,1.0,0.05,1,0.0,4.5,0.0
1155,2026-04-24T13:43:56.714Z,S20260424_144242,SC01,AUTO,43.8163,74.6959,0.0636,end,1,1500,VIDE,0.0,0.0,0.8,0.0,-0.698132,0.0,1,0,28.712,19.349,0.0,0.0,0.8,0.0,4.5,2.0,1.0,0.05,1,0.0,4.5,0.0
1156,2026-04-24T13:43:56.777Z,S20260424_144242,SC01,AUTO,43.8794,74.7591,0.0631,end,1,1500,VIDE,0.0,0.0,0.8,0.0,-0.698132,0.0,1,0,39.636,0.913,0.0,0.0,0.8,0.0,4.5,2.0,1.0,0.05,1,0.0,4.5,0.0
1157,2026-04-24T13:43:56.837Z,S20260424_144242,SC01,AUTO,43.9395,74.8192,0.0601,end,1,1500,VIDE,0.0,0.0,0.8,0.0,-0.698132,0.0,1,0,39.222,0.788,0.0,0.0,0.8,0.0,4.5,2.0,1.0,0.05,1,0.0,4.5,0.0
1158,2026-04-24T13:43:56.903Z,S20260424_144242,SC01,AUTO,44.0054,74.8851,0.066,end,1,1500,VIDE,0.0,0.0,0.8,0.0,-0.698132,0.0,1,0,18.329,19.334,0.0,0.0,0.8,0.0,4.5,2.0,1.0,0.05,1,0.0,4.5,0.0
1159,2026-04-24T13:43:56.963Z,S20260424_144242,SC01,AUTO,44.0658,74.9455,0.0604,end,1,1500,VIDE,0.0,0.0,0.8,0.0,-0.698132,0.0,1,0,16.144,19.669,0.0,0.0,0.8,0.0,4.5,2.0,1.0,0.05,1,0.0,4.5,0.0
1160,2026-04-24T13:43:57.032Z,S20260424_144242,SC01,AUTO,44.1342,75.0139,0.0684,end,1,1500,VIDE,0.0,0.0,0.8,0.0,-0.698132,0.0,1,0,17.118,18.877,0.0,0.0,0.8,0.0,4.5,2.0,1.0,0.05,1,0.0,4.5,0.0
1161,2026-04-24T13:43:57.090Z,S20260424_144242,SC01,AUTO,44.1924,75.0721,0.0582,end,1,1500,VIDE,0.0,0.0,0.8,0.0,-0.698132,0.0,1,0,12.567,18.732,0.0,0.0,0.8,0.0,4.5,2.0,1.0,0.05,1,0.0,4.5,0.0
1162,2026-04-24T13:43:57.153Z,S20260424_144242,SC01,AUTO,44.2553,75.135,0.0629,end,1,1500,VIDE,0.0,0.0,0.8,0.0,-0.698132,0.0,1,0,35.348,26.779,0.0,0.0,0.8,0.0,4.5,2.0,1.0,0.05,1,0.0,4.5,0.0
1163,2026-04-24T13:43:57.213Z,S20260424_144242,SC01,AUTO,44.3153,75.195,0.0599,end,1,1500,VIDE,0.0,0.0,0.8,0.0,-0.698132,0.0,1,0,13.687,18.902,0.0,0.0,0.8,0.0,4.5,2.0,1.0,0.05,1,0.0,4.5,0.0
1164,2026-04-24T13:43:57.275Z,S20260424_144242,SC01,AUTO,44.3773,75.2569,0.062,end,1,1500,VIDE,0.0,0.0,0.8,0.0,-0.698132,0.0,1,0,12.848,19.736,0.0,0.0,0.8,0.0,4.5,2.0,1.0,0.05,1,0.0,4.5,0.0
1165,2026-04-24T13:43:57.337Z,S20260424_144242,SC01,AUTO,44.4398,75.3195,0.0626,end,1,1500,VIDE,0.0,0.0,0.8,0.0,-0.698132,0.0,1,0,15.924,18.962,0.0,0.0,0.8,0.0,4.5,2.0,1.0,0.05,1,0.0,4.5,0.0
1166,2026-04-24T13:43:57.399Z,S20260424_144242,SC01,AUTO,44.5015,75.3812,0.0616,end,1,1500,VIDE,0.0,0.0,0.8,0.0,-0.698132,0.0,1,0,10.741,18.974,0.0,0.0,0.8,0.0,4.5,2.0,1.0,0.05,1,0.0,4.5,0.0
1167,2026-04-24T13:43:57.461Z,S20260424_144242,SC01,AUTO,44.5637,75.4434,0.0623,end,1,1500,VIDE,0.0,0.0,0.8,0.0,-0.698132,0.0,1,0,10.072,18.827,0.0,0.0,0.8,0.0,4.5,2.0,1.0,0.05,1,0.0,4.5,0.0
1168,2026-04-24T13:43:57.526Z,S20260424_144242,SC01,AUTO,44.6287,75.5084,0.065,end,1,1500,VIDE,0.0,0.0,0.8,0.0,-0.698132,0.0,1,0,27.907,19.45,0.0,0.0,0.8,0.0,4.5,2.0,1.0,0.05,1,0.0,4.5,0.0
1169,2026-04-24T13:43:57.589Z,S20260424_144242,SC01,AUTO,44.6914,75.5711,0.0627,end,1,1500,VIDE,0.0,0.0,0.8,0.0,-0.698132,0.0,1,0,31.469,5.243,0.0,0.0,0.8,0.0,4.5,2.0,1.0,0.05,1,0.0,4.5,0.0
1170,2026-04-24T13:43:57.651Z,S20260424_144242,SC01,AUTO,44.7537,75.6333,0.0622,end,1,1500,VIDE,0.0,0.0,0.8,0.0,-0.698132,0.0,1,0,22.074,19.295,0.0,0.0,0.8,0.0,4.5,2.0,1.0,0.05,1,0.0,4.5,0.0
1171,2026-04-24T13:43:57.712Z,S20260424_144242,SC01,AUTO,44.8146,75.6943,0.061,end,1,1500,VIDE,0.0,0.0,0.8,0.0,-0.698132,0.0,1,0,26.469,20.502,0.0,0.0,0.8,0.0,4.5,2.0,1.0,0.05,1,0.0,4.5,0.0
1172,2026-04-24T13:43:57.775Z,S20260424_144242,SC01,AUTO,44.8776,75.7573,0.063,end,1,1500,VIDE,0.0,0.0,0.8,0.0,-0.698132,0.0,1,0,17.491,19.232,0.0,0.0,0.8,0.0,4.5,2.0,1.0,0.05,1,0.0,4.5,0.0
1173,2026-04-24T13:43:57.837Z,S20260424_144242,SC01,AUTO,44.9396,75.8193,0.062,end,1,1500,VIDE,0.0,0.0,0.8,0.0,-0.698132,0.0,1,0,15.045,19.855,0.0,0.0,0.8,0.0,4.5,2.0,1.0,0.05,1,0.0,4.5,0.0
1174,2026-04-24T13:43:57.898Z,S20260424_144242,SC01,AUTO,45.0001,75.8798,0.0605,end,1,1500,VIDE,0.0,0.0,0.8,0.0,-0.698132,0.0,1,0,12.622,18.682,0.0,0.0,0.8,0.0,4.5,2.0,1.0,0.05,1,0.0,4.5,0.0
1175,2026-04-24T13:43:57.962Z,S20260424_144242,SC01,AUTO,45.0643,75.944,0.0642,end,1,1500,VIDE,0.0,0.0,0.8,0.0,-0.698132,0.0,1,0,12.542,19.673,0.0,0.0,0.8,0.0,4.5,2.0,1.0,0.05,1,0.0,4.5,0.0
1176,2026-04-24T13:43:58.041Z,S20260424_144242,SC01,AUTO,45.1434,76.0231,0.0791,end,1,1500,VIDE,0.0,0.0,0.8,0.0,-0.698132,0.0,1,0,18.876,18.779,0.0,0.0,0.8,0.0,4.5,2.0,1.0,0.05,1,0.0,4.5,0.0
1177,2026-04-24T13:43:58.090Z,S20260424_144242,SC01,AUTO,45.1926,76.0722,0.0491,end,1,1500,VIDE,0.0,0.0,0.8,0.0,-0.698132,0.0,1,0,25.023,24.846,0.0,0.0,0.8,0.0,4.5,2.0,1.0,0.05,1,0.0,4.5,0.0
1178,2026-04-24T13:43:58.151Z,S20260424_144242,SC01,AUTO,45.2533,76.1329,0.0607,end,1,1500,VIDE,0.0,0.0,0.8,0.0,-0.698132,0.0,1,0,32.267,20.103,0.0,0.0,0.8,0.0,4.5,2.0,1.0,0.05,1,0.0,4.5,0.0
1179,2026-04-24T13:43:58.212Z,S20260424_144242,SC01,AUTO,45.3149,76.1946,0.0617,end,1,1500,VIDE,0.0,0.0,0.8,0.0,-0.698132,0.0,1,0,10.407,19.006,0.0,0.0,0.8,0.0,4.5,2.0,1.0,0.05,1,0.0,4.5,0.0
1180,2026-04-24T13:43:58.274Z,S20260424_144242,SC01,AUTO,45.3766,76.2563,0.0616,end,1,1500,VIDE,0.0,0.0,0.8,0.0,-0.698132,0.0,1,0,16.094,19.186,0.0,0.0,0.8,0.0,4.5,2.0,1.0,0.05,1,0.0,4.5,0.0
1181,2026-04-24T13:43:58.337Z,S20260424_144242,SC01,AUTO,45.4401,76.3198,0.0636,end,1,1500,VIDE,0.0,0.0,0.8,0.0,-0.698132,0.0,1,0,17.164,19.326,0.0,0.0,0.8,0.0,4.5,2.0,1.0,0.05,1,0.0,4.5,0.0
1182,2026-04-24T13:43:58.399Z,S20260424_144242,SC01,AUTO,45.5017,76.3814,0.0616,end,1,1500,VIDE,0.0,0.0,0.8,0.0,-0.698132,0.0,1,0,18.108,19.659,0.0,0.0,0.8,0.0,4.5,2.0,1.0,0.05,1,0.0,4.5,0.0
1183,2026-04-24T13:43:58.461Z,S20260424_144242,SC01,AUTO,45.564,76.4437,0.0623,end,1,1500,VIDE,0.0,0.0,0.8,0.0,-0.698132,0.0,1,0,17.657,19.143,0.0,0.0,0.8,0.0,4.5,2.0,1.0,0.05,1,0.0,4.5,0.0
1184,2026-04-24T13:43:58.523Z,S20260424_144242,SC01,AUTO,45.626,76.5057,0.0619,end,1,1500,VIDE,0.0,0.0,0.8,0.0,-0.698132,0.0,1,0,14.229,19.193,0.0,0.0,0.8,0.0,4.5,2.0,1.0,0.05,1,0.0,4.5,0.0
1185,2026-04-24T13:43:58.586Z,S20260424_144242,SC01,AUTO,45.6887,76.5684,0.0627,end,1,1500,VIDE,0.0,0.0,0.8,0.0,-0.698132,0.0,1,0,14.551,19.289,0.0,0.0,0.8,0.0,4.5,2.0,1.0,0.05,1,0.0,4.5,0.0
1186,2026-04-24T13:43:58.649Z,S20260424_144242,SC01,AUTO,45.7518,76.6314,0.0631,end,1,1500,VIDE,0.0,0.0,0.8,0.0,-0.698132,0.0,1,0,13.648,19.446,0.0,0.0,0.8,0.0,4.5,2.0,1.0,0.05,1,0.0,4.5,0.0
1187,2026-04-24T13:43:58.712Z,S20260424_144242,SC01,AUTO,45.8142,76.6939,0.0624,end,1,1500,VIDE,0.0,0.0,0.8,0.0,-0.698132,0.0,1,0,11.722,19.374,0.0,0.0,0.8,0.0,4.5,2.0,1.0,0.05,1,0.0,4.5,0.0
1188,2026-04-24T13:43:58.774Z,S20260424_144242,SC01,AUTO,45.8764,76.756,0.0622,end,1,1500,VIDE,0.0,0.0,0.8,0.0,-0.698132,0.0,1,0,36.178,1.188,0.0,0.0,0.8,0.0,4.5,2.0,1.0,0.05,1,0.0,4.5,0.0
1189,2026-04-24T13:43:58.836Z,S20260424_144242,SC01,AUTO,45.9383,76.818,0.0619,end,1,1500,VIDE,0.0,0.0,0.8,0.0,-0.698132,0.0,1,0,13.777,19.517,0.0,0.0,0.8,0.0,4.5,2.0,1.0,0.05,1,0.0,4.5,0.0
1190,2026-04-24T13:43:58.906Z,S20260424_144242,SC01,AUTO,46.0085,76.8882,0.0702,end,1,1500,VIDE,0.0,0.0,0.8,0.0,-0.698132,0.0,1,0,10.098,19.296,0.0,0.0,0.8,0.0,4.5,2.0,1.0,0.05,1,0.0,4.5,0.0
1191,2026-04-24T13:43:58.961Z,S20260424_144242,SC01,AUTO,46.0633,76.943,0.0549,end,1,1500,VIDE,0.0,0.0,0.8,0.0,-0.698132,0.0,1,0,23.722,19.33,0.0,0.0,0.8,0.0,4.5,2.0,1.0,0.05,1,0.0,4.5,0.0
1192,2026-04-24T13:43:59.031Z,S20260424_144242,SC01,AUTO,46.1341,77.0137,0.0708,end,1,1500,VIDE,0.0,0.0,0.8,0.0,-0.698132,0.0,1,0,9.932,19.555,0.0,0.0,0.8,0.0,4.5,2.0,1.0,0.05,1,0.0,4.5,0.0
1193,2026-04-24T13:43:59.094Z,S20260424_144242,SC01,AUTO,46.1966,77.0763,0.0625,end,1,1500,VIDE,0.0,0.0,0.8,0.0,-0.698132,0.0,1,0,26.655,19.743,0.0,0.0,0.8,0.0,4.5,2.0,1.0,0.05,1,0.0,4.5,0.0
1194,2026-04-24T13:43:59.157Z,S20260424_144242,SC01,AUTO,46.2602,77.1398,0.0635,end,1,1500,VIDE,0.0,0.0,0.8,0.0,-0.698132,0.0,1,0,21.825,16.625,0.0,0.0,0.8,0.0,4.5,2.0,1.0,0.05,1,0.0,4.5,0.0
1195,2026-04-24T13:43:59.211Z,S20260424_144242,SC01,AUTO,46.3136,77.1933,0.0534,end,1,1500,VIDE,0.0,0.0,0.8,0.0,-0.698132,0.0,1,0,17.267,18.853,0.0,0.0,0.8,0.0,4.5,2.0,1.0,0.05,1,0.0,4.5,0.0
1196,2026-04-24T13:43:59.274Z,S20260424_144242,SC01,AUTO,46.3768,77.2565,0.0632,end,1,1500,VIDE,0.0,0.0,0.8,0.0,-0.698132,0.0,1,0,16.833,18.403,0.0,0.0,0.8,0.0,4.5,2.0,1.0,0.05,1,0.0,4.5,0.0
1197,2026-04-24T13:43:59.336Z,S20260424_144242,SC01,AUTO,46.4388,77.3185,0.0621,end,1,1500,VIDE,0.0,0.0,0.8,0.0,-0.698132,0.0,1,0,30.859,24.349,0.0,0.0,0.8,0.0,4.5,2.0,1.0,0.05,1,0.0,4.5,0.0
1198,2026-04-24T13:43:59.399Z,S20260424_144242,SC01,AUTO,46.5015,77.3811,0.0626,end,1,1500,VIDE,0.0,0.0,0.8,0.0,-0.698132,0.0,1,0,19.951,18.477,0.0,0.0,0.8,0.0,4.5,2.0,1.0,0.05,1,0.0,4.5,0.0
1199,2026-04-24T13:43:59.463Z,S20260424_144242,SC01,AUTO,46.5658,77.4455,0.0644,end,1,1500,VIDE,0.0,0.0,0.8,0.0,-0.698132,0.0,1,0,22.121,18.536,0.0,0.0,0.8,0.0,4.5,2.0,1.0,0.05,1,0.0,4.5,0.0
1200,2026-04-24T13:43:59.531Z,S20260424_144242,SC01,AUTO,46.6335,77.5132,0.0676,end,1,1500,VIDE,0.0,0.0,0.8,0.0,-0.698132,0.0,1,0,32.798,8.762,0.0,0.0,0.8,0.0,4.5,2.0,1.0,0.05,1,0.0,4.5,0.0
1201,2026-04-24T13:43:59.589Z,S20260424_144242,SC01,AUTO,46.6921,77.5717,0.0586,end,1,1500,VIDE,0.0,0.0,0.8,0.0,-0.698132,0.0,1,0,26.138,22.407,0.0,0.0,0.8,0.0,4.5,2.0,1.0,0.05,1,0.0,4.5,0.0
1202,2026-04-24T13:43:59.658Z,S20260424_144242,SC01,AUTO,46.7603,77.64,0.0683,end,1,1500,VIDE,0.0,0.0,0.8,0.0,-0.698132,0.0,1,0,13.074,19.65,0.0,0.0,0.8,0.0,4.5,2.0,1.0,0.05,1,0.0,4.5,0.0
1203,2026-04-24T13:43:59.712Z,S20260424_144242,SC01,AUTO,46.8151,77.6947,0.0547,end,1,1500,VIDE,0.0,0.0,0.8,0.0,-0.698132,0.0,1,0,7.759,19.73,0.0,0.0,0.8,0.0,4.5,2.0,1.0,0.05,1,0.0,4.5,0.0
1204,2026-04-24T13:43:59.778Z,S20260424_144242,SC01,AUTO,46.8803,77.76,0.0651,end,1,1500,VIDE,0.0,0.0,0.8,0.0,-0.698132,0.0,1,0,25.377,18.528,0.0,0.0,0.8,0.0,4.5,2.0,1.0,0.05,1,0.0,4.5,0.0
1205,2026-04-24T13:43:59.838Z,S20260424_144242,SC01,AUTO,46.9403,77.82,0.0601,end,1,1500,VIDE,0.0,0.0,0.8,0.0,-0.698132,0.0,1,0,21.054,18.608,0.0,0.0,0.8,0.0,4.5,2.0,1.0,0.05,1,0.0,4.5,0.0
1206,2026-04-24T13:43:59.898Z,S20260424_144242,SC01,AUTO,47.0005,77.8802,0.0602,end,1,1500,VIDE,0.0,0.0,0.8,0.0,-0.698132,0.0,1,0,16.299,18.881,0.0,0.0,0.8,0.0,4.5,2.0,1.0,0.05,1,0.0,4.5,0.0
1207,2026-04-24T13:43:59.961Z,S20260424_144242,SC01,AUTO,47.0641,77.9437,0.0636,end,1,1500,VIDE,0.0,0.0,0.8,0.0,-0.698132,0.0,1,0,20.028,18.756,0.0,0.0,0.8,0.0,4.5,2.0,1.0,0.05,1,0.0,4.5,0.0
1208,2026-04-24T13:44:00.027Z,S20260424_144242,SC01,AUTO,47.1297,78.0094,0.0657,end,1,1500,VIDE,0.0,0.0,0.8,0.0,-0.698132,0.0,1,0,18.678,20.187,0.0,0.0,0.8,0.0,4.5,2.0,1.0,0.05,1,0.0,4.5,0.0
1209,2026-04-24T13:44:00.091Z,S20260424_144242,SC01,AUTO,47.1934,78.073,0.0636,end,1,1500,VIDE,0.0,0.0,0.8,0.0,-0.698132,0.0,1,0,15.896,18.547,0.0,0.0,0.8,0.0,4.5,2.0,1.0,0.05,1,0.0,4.5,0.0
1210,2026-04-24T13:44:00.154Z,S20260424_144242,SC01,AUTO,47.2562,78.1358,0.0628,end,1,1500,VIDE,0.0,0.0,0.8,0.0,-0.698132,0.0,1,0,11.473,18.867,0.0,0.0,0.8,0.0,4.5,2.0,1.0,0.05,1,0.0,4.5,0.0
1211,2026-04-24T13:44:00.213Z,S20260424_144242,SC01,AUTO,47.3154,78.195,0.0592,end,1,1500,VIDE,0.0,0.0,0.8,0.0,-0.698132,0.0,1,0,34.287,1.197,0.0,0.0,0.8,0.0,4.5,2.0,1.0,0.05,1,0.0,4.5,0.0
1212,2026-04-24T13:44:00.277Z,S20260424_144242,SC01,AUTO,47.3796,78.2593,0.0643,end,1,1500,VIDE,0.0,0.0,0.8,0.0,-0.698132,0.0,1,0,12.079,19.307,0.0,0.0,0.8,0.0,4.5,2.0,1.0,0.05,1,0.0,4.5,0.0
1213,2026-04-24T13:44:00.337Z,S20260424_144242,SC01,AUTO,47.4393,78.3189,0.0596,end,1,1500,VIDE,0.0,0.0,0.8,0.0,-0.698132,0.0,1,0,25.215,18.975,0.0,0.0,0.8,0.0,4.5,2.0,1.0,0.05,1,0.0,4.5,0.0
1214,2026-04-24T13:44:00.411Z,S20260424_144242,SC01,AUTO,47.5134,78.393,0.0741,end,1,1500,VIDE,0.0,0.0,0.8,0.0,-0.698132,0.0,1,0,26.756,20.723,0.0,0.0,0.8,0.0,4.5,2.0,1.0,0.05,1,0.0,4.5,0.0
1215,2026-04-24T13:44:00.462Z,S20260424_144242,SC01,AUTO,47.5648,78.4445,0.0515,end,1,1500,VIDE,0.0,0.0,0.8,0.0,-0.698132,0.0,1,0,23.553,20.974,0.0,0.0,0.8,0.0,4.5,2.0,1.0,0.05,1,0.0,4.5,0.0
1216,2026-04-24T13:44:00.529Z,S20260424_144242,SC01,AUTO,47.6319,78.5116,0.0671,end,1,1500,VIDE,0.0,0.0,0.8,0.0,-0.698132,0.0,1,0,10.568,19.403,0.0,0.0,0.8,0.0,4.5,2.0,1.0,0.05,1,0.0,4.5,0.0
1217,2026-04-24T13:44:00.586Z,S20260424_144242,SC01,AUTO,47.6885,78.5682,0.0566,end,1,1500,VIDE,0.0,0.0,0.8,0.0,-0.698132,0.0,1,0,28.174,19.521,0.0,0.0,0.8,0.0,4.5,2.0,1.0,0.05,1,0.0,4.5,0.0
1218,2026-04-24T13:44:00.650Z,S20260424_144242,SC01,AUTO,47.7526,78.6323,0.0641,end,1,1500,VIDE,0.0,0.0,0.8,0.0,-0.698132,0.0,1,0,24.639,19.115,0.0,0.0,0.8,0.0,4.5,2.0,1.0,0.05,1,0.0,4.5,0.0
1219,2026-04-24T13:44:00.713Z,S20260424_144242,SC01,AUTO,47.8152,78.6949,0.0626,end,1,1500,VIDE,0.0,0.0,0.8,0.0,-0.698132,0.0,1,0,21.741,19.462,0.0,0.0,0.8,0.0,4.5,2.0,1.0,0.05,1,0.0,4.5,0.0
1220,2026-04-24T13:44:00.777Z,S20260424_144242,SC01,AUTO,47.8798,78.7594,0.0645,end,1,1500,VIDE,0.0,0.0,0.8,0.0,-0.698132,0.0,1,0,19.418,17.847,0.0,0.0,0.8,0.0,4.5,2.0,1.0,0.05,1,0.0,4.5,0.0
1221,2026-04-24T13:44:00.837Z,S20260424_144242,SC01,AUTO,47.9394,78.8191,0.0597,end,1,1500,VIDE,0.0,0.0,0.8,0.0,-0.698132,0.0,1,0,17.147,18.644,0.0,0.0,0.8,0.0,4.5,2.0,1.0,0.05,1,0.0,4.5,0.0
1222,2026-04-24T13:44:00.905Z,S20260424_144242,SC01,AUTO,48.0077,78.8873,0.0682,end,1,1500,VIDE,0.0,0.0,0.8,0.0,-0.698132,0.0,1,0,21.729,19.995,0.0,0.0,0.8,0.0,4.5,2.0,1.0,0.05,1,0.0,4.5,0.0
1223,2026-04-24T13:44:00.962Z,S20260424_144242,SC01,AUTO,48.0645,78.9441,0.0568,end,1,1500,VIDE,0.0,0.0,0.8,0.0,-0.698132,0.0,1,0,17.051,19.135,0.0,0.0,0.8,0.0,4.5,2.0,1.0,0.05,1,0.0,4.5,0.0
1224,2026-04-24T13:44:01.042Z,S20260424_144242,SC01,AUTO,48.1447,79.0243,0.0802,end,1,1500,VIDE,0.0,0.0,0.8,0.0,-0.698132,0.0,1,0,21.192,19.624,0.0,0.0,0.8,0.0,4.5,2.0,1.0,0.05,1,0.0,4.5,0.0
1225,2026-04-24T13:44:01.091Z,S20260424_144242,SC01,AUTO,48.194,79.0736,0.0493,end,1,1500,VIDE,0.0,0.0,0.8,0.0,-0.698132,0.0,1,0,24.361,25.894,0.0,0.0,0.8,0.0,4.5,2.0,1.0,0.05,1,0.0,4.5,0.0
1226,2026-04-24T13:44:01.156Z,S20260424_144242,SC01,AUTO,48.2583,79.138,0.0644,end,1,1500,VIDE,0.0,0.0,0.8,0.0,-0.698132,0.0,1,0,13.569,19.809,0.0,0.0,0.8,0.0,4.5,2.0,1.0,0.05,1,0.0,4.5,0.0
1227,2026-04-24T13:44:01.211Z,S20260424_144242,SC01,AUTO,48.3132,79.1928,0.0548,end,1,1500,VIDE,0.0,0.0,0.8,0.0,-0.698132,0.0,1,0,7.814,19.352,0.0,0.0,0.8,0.0,4.5,2.0,1.0,0.05,1,0.0,4.5,0.0
1228,2026-04-24T13:44:01.274Z,S20260424_144242,SC01,AUTO,48.377,79.2566,0.0638,end,1,1500,VIDE,0.0,0.0,0.8,0.0,-0.698132,0.0,1,0,25.157,19.566,0.0,0.0,0.8,0.0,4.5,2.0,1.0,0.05,1,0.0,4.5,0.0
1229,2026-04-24T13:44:01.337Z,S20260424_144242,SC01,AUTO,48.4401,79.3198,0.0631,end,1,1500,VIDE,0.0,0.0,0.8,0.0,-0.698132,0.0,1,0,22.094,16.023,0.0,0.0,0.8,0.0,4.5,2.0,1.0,0.05,1,0.0,4.5,0.0
1230,2026-04-24T13:44:01.402Z,S20260424_144242,SC01,AUTO,48.5048,79.3845,0.0648,end,1,1500,VIDE,0.0,0.0,0.8,0.0,-0.698132,0.0,1,0,22.065,18.398,0.0,0.0,0.8,0.0,4.5,2.0,1.0,0.05,1,0.0,4.5,0.0
1231,2026-04-24T13:44:01.463Z,S20260424_144242,SC01,AUTO,48.566,79.4457,0.0612,end,1,1500,VIDE,0.0,0.0,0.8,0.0,-0.698132,0.0,1,0,24.517,19.879,0.0,0.0,0.8,0.0,4.5,2.0,1.0,0.05,1,0.0,4.5,0.0
1232,2026-04-24T13:44:01.528Z,S20260424_144242,SC01,AUTO,48.6302,79.5099,0.0642,end,1,1500,VIDE,0.0,0.0,0.8,0.0,-0.698132,0.0,1,0,20.909,18.742,0.0,0.0,0.8,0.0,4.5,2.0,1.0,0.05,1,0.0,4.5,0.0
1233,2026-04-24T13:44:01.595Z,S20260424_144242,SC01,AUTO,48.698,79.5777,0.0678,end,1,1500,VIDE,0.0,0.0,0.8,0.0,-0.698132,0.0,1,0,16.482,19.835,0.0,0.0,0.8,0.0,4.5,2.0,1.0,0.05,1,0.0,4.5,0.0
1234,2026-04-24T13:44:01.649Z,S20260424_144242,SC01,AUTO,48.7521,79.6318,0.0541,end,1,1500,VIDE,0.0,0.0,0.8,0.0,-0.698132,0.0,1,0,14.811,15.569,0.0,0.0,0.8,0.0,4.5,2.0,1.0,0.05,1,0.0,4.5,0.0
1235,2026-04-24T13:44:01.713Z,S20260424_144242,SC01,AUTO,48.8154,79.695,0.0633,end,1,1500,VIDE,0.0,0.0,0.8,0.0,-0.698132,0.0,1,0,12.133,17.902,0.0,0.0,0.8,0.0,4.5,2.0,1.0,0.05,1,0.0,4.5,0.0
1236,2026-04-24T13:44:01.777Z,S20260424_144242,SC01,AUTO,48.8796,79.7593,0.0643,end,1,1500,VIDE,0.0,0.0,0.8,0.0,-0.698132,0.0,1,0,17.072,19.257,0.0,0.0,0.8,0.0,4.5,2.0,1.0,0.05,1,0.0,4.5,0.0
1237,2026-04-24T13:44:01.837Z,S20260424_144242,SC01,AUTO,48.9396,79.8193,0.06,end,1,1500,VIDE,0.0,0.0,0.8,0.0,-0.698132,0.0,1,0,13.366,19.354,0.0,0.0,0.8,0.0,4.5,2.0,1.0,0.05,1,0.0,4.5,0.0
1238,2026-04-24T13:44:01.897Z,S20260424_144242,SC01,AUTO,48.9998,79.8795,0.0602,end,1,1500,VIDE,0.0,0.0,0.8,0.0,-0.698132,0.0,1,0,10.408,19.204,0.0,0.0,0.8,0.0,4.5,2.0,1.0,0.05,1,0.0,4.5,0.0
1239,2026-04-24T13:44:01.962Z,S20260424_144242,SC01,AUTO,49.0646,79.9443,0.0647,end,1,1500,VIDE,0.0,0.0,0.8,0.0,-0.698132,0.0,1,0,24.878,19.877,0.0,0.0,0.8,0.0,4.5,2.0,1.0,0.05,1,0.0,4.5,0.0
1240,2026-04-24T13:44:02.032Z,S20260424_144242,SC01,AUTO,49.1345,80.0142,0.07,end,1,1500,VIDE,0.0,0.0,0.8,0.0,-0.698132,0.0,1,0,11.115,19.484,0.0,0.0,0.8,0.0,4.5,2.0,1.0,0.05,1,0.0,4.5,0.0
1241,2026-04-24T13:44:02.090Z,S20260424_144242,SC01,AUTO,49.1929,80.0726,0.0584,end,1,1500,VIDE,0.0,0.0,0.8,0.0,-0.698132,0.0,1,0,7.128,19.216,0.0,0.0,0.8,0.0,4.5,2.0,1.0,0.05,1,0.0,4.5,0.0
1242,2026-04-24T13:44:02.154Z,S20260424_144242,SC01,AUTO,49.2563,80.136,0.0634,end,1,1500,VIDE,0.0,0.0,0.8,0.0,-0.698132,0.0,1,0,21.567,20.11,0.0,0.0,0.8,0.0,4.5,2.0,1.0,0.05,1,0.0,4.5,0.0
1243,2026-04-24T13:44:02.213Z,S20260424_144242,SC01,AUTO,49.3156,80.1952,0.0592,end,1,1500,VIDE,0.0,0.0,0.8,0.0,-0.698132,0.0,1,0,19.777,16.193,0.0,0.0,0.8,0.0,4.5,2.0,1.0,0.05,1,0.0,4.5,0.0
1244,2026-04-24T13:44:02.277Z,S20260424_144242,SC01,AUTO,49.3798,80.2595,0.0643,end,1,1500,VIDE,0.0,0.0,0.8,0.0,-0.698132,0.0,1,0,15.787,17.092,0.0,0.0,0.8,0.0,4.5,2.0,1.0,0.05,1,0.0,4.5,0.0
1245,2026-04-24T13:44:02.337Z,S20260424_144242,SC01,AUTO,49.4394,80.3191,0.0595,end,1,1500,VIDE,0.0,0.0,0.8,0.0,-0.698132,0.0,1,0,13.836,19.457,0.0,0.0,0.8,0.0,4.5,2.0,1.0,0.05,1,0.0,4.5,0.0
1246,2026-04-24T13:44:02.405Z,S20260424_144242,SC01,AUTO,49.5073,80.387,0.068,end,1,1500,VIDE,0.0,0.0,0.8,0.0,-0.698132,0.0,1,0,18.894,20.307,0.0,0.0,0.8,0.0,4.5,2.0,1.0,0.05,1,0.0,4.5,0.0
1247,2026-04-24T13:44:02.461Z,S20260424_144242,SC01,AUTO,49.5636,80.4433,0.0563,end,1,1500,VIDE,0.0,0.0,0.8,0.0,-0.698132,0.0,1,0,14.691,19.388,0.0,0.0,0.8,0.0,4.5,2.0,1.0,0.05,1,0.0,4.5,0.0
1248,2026-04-24T13:44:02.530Z,S20260424_144242,SC01,AUTO,49.6323,80.512,0.0687,end,1,1500,VIDE,0.0,0.0,0.8,0.0,-0.698132,0.0,1,0,9.454,19.468,0.0,0.0,0.8,0.0,4.5,2.0,1.0,0.05,1,0.0,4.5,0.0
1249,2026-04-24T13:44:02.586Z,S20260424_144242,SC01,AUTO,49.6889,80.5686,0.0565,end,1,1500,VIDE,0.0,0.0,0.8,0.0,-0.698132,0.0,1,0,30.597,19.937,0.0,0.0,0.8,0.0,4.5,2.0,1.0,0.05,1,0.0,4.5,0.0
1250,2026-04-24T13:44:02.650Z,S20260424_144242,SC01,AUTO,49.7531,80.6327,0.0642,end,1,1500,VIDE,0.0,0.0,0.8,0.0,-0.698132,0.0,1,0,12.308,19.299,0.0,0.0,0.8,0.0,4.5,2.0,1.0,0.05,1,0.0,4.5,0.0
1251,2026-04-24T13:44:02.713Z,S20260424_144242,SC01,AUTO,49.8158,80.6955,0.0628,end,1,1500,VIDE,0.0,0.0,0.8,0.0,-0.698132,0.0,1,0,8.308,19.435,0.0,0.0,0.8,0.0,4.5,2.0,1.0,0.05,1,0.0,4.5,0.0
1252,2026-04-24T13:44:02.777Z,S20260424_144242,SC01,AUTO,49.8799,80.7596,0.064,end,1,1500,VIDE,0.0,0.0,0.8,0.0,-0.698132,0.0,1,0,23.29,18.388,0.0,0.0,0.8,0.0,4.5,2.0,1.0,0.05,1,0.0,4.5,0.0
1253,2026-04-24T13:44:02.837Z,S20260424_144242,SC01,AUTO,49.9392,80.8189,0.0594,end,1,1500,VIDE,0.0,0.0,0.8,0.0,-0.698132,0.0,1,0,21.911,18.886,0.0,0.0,0.8,0.0,4.5,2.0,1.0,0.05,1,0.0,4.5,0.0
1254,2026-04-24T13:44:02.904Z,S20260424_144242,SC01,AUTO,50.0071,80.8868,0.0679,end,1,1500,VIDE,0.0,0.0,0.8,0.0,-0.698132,0.0,1,0,23.665,20.025,0.0,0.0,0.8,0.0,4.5,2.0,1.0,0.05,1,0.0,4.5,0.0
1255,2026-04-24T13:44:02.962Z,S20260424_144242,SC01,AUTO,50.0647,80.9444,0.0576,end,1,1500,VIDE,0.0,0.0,0.8,0.0,-0.698132,0.0,1,0,21.079,18.82,0.0,0.0,0.8,0.0,4.5,2.0,1.0,0.05,1,0.0,4.5,0.0
1256,2026-04-24T13:44:03.032Z,S20260424_144242,SC01,AUTO,50.1342,81.0139,0.0695,end,1,1500,VIDE,0.0,0.0,0.8,0.0,-0.698132,0.0,1,0,17.435,18.858,0.0,0.0,0.8,0.0,4.5,2.0,1.0,0.05,1,0.0,4.5,0.0
1257,2026-04-24T13:44:03.092Z,S20260424_144242,SC01,AUTO,50.1944,81.0741,0.0603,end,1,1500,VIDE,0.0,0.0,0.8,0.0,-0.698132,0.0,1,0,13.559,18.003,0.0,0.0,0.8,0.0,4.5,2.0,1.0,0.05,1,0.0,4.5,0.0
1258,2026-04-24T13:44:03.155Z,S20260424_144242,SC01,AUTO,50.258,81.1377,0.0636,end,1,1500,VIDE,0.0,0.0,0.8,0.0,-0.698132,0.0,1,0,17.472,19.117,0.0,0.0,0.8,0.0,4.5,2.0,1.0,0.05,1,0.0,4.5,0.0
1259,2026-04-24T13:44:03.214Z,S20260424_144242,SC01,AUTO,50.3162,81.1959,0.0582,end,1,1500,VIDE,0.0,0.0,0.8,0.0,-0.698132,0.0,1,0,13.358,20.103,0.0,0.0,0.8,0.0,4.5,2.0,1.0,0.05,1,0.0,4.5,0.0
1260,2026-04-24T13:44:03.274Z,S20260424_144242,SC01,AUTO,50.3766,81.2563,0.0604,end,1,1500,VIDE,0.0,0.0,0.8,0.0,-0.698132,0.0,1,0,10.414,19.72,0.0,0.0,0.8,0.0,4.5,2.0,1.0,0.05,1,0.0,4.5,0.0
1261,2026-04-24T13:44:03.337Z,S20260424_144242,SC01,AUTO,50.4397,81.3194,0.0631,end,1,1500,VIDE,0.0,0.0,0.8,0.0,-0.698132,0.0,1,0,8.63,19.073,0.0,0.0,0.8,0.0,4.5,2.0,1.0,0.05,1,0.0,4.5,0.0
1262,2026-04-24T13:44:03.402Z,S20260424_144242,SC01,AUTO,50.505,81.3847,0.0652,end,1,1500,VIDE,0.0,0.0,0.8,0.0,-0.698132,0.0,1,0,24.942,19.354,0.0,0.0,0.8,0.0,4.5,2.0,1.0,0.05,1,0.0,4.5,0.0
1263,2026-04-24T13:44:03.462Z,S20260424_144242,SC01,AUTO,50.5643,81.444,0.0594,end,1,1500,VIDE,0.0,0.0,0.8,0.0,-0.698132,0.0,1,0,20.693,19.461,0.0,0.0,0.8,0.0,4.5,2.0,1.0,0.05,1,0.0,4.5,0.0
1264,2026-04-24T13:44:03.528Z,S20260424_144242,SC01,AUTO,50.6303,81.5099,0.066,end,1,1500,VIDE,0.0,0.0,0.8,0.0,-0.698132,0.0,1,0,24.068,18.775,0.0,0.0,0.8,0.0,4.5,2.0,1.0,0.05,1,0.0,4.5,0.0
1265,2026-04-24T13:44:03.590Z,S20260424_144242,SC01,AUTO,50.693,81.5726,0.0627,end,1,1500,VIDE,0.0,0.0,0.8,0.0,-0.698132,0.0,1,0,20.658,20.141,0.0,0.0,0.8,0.0,4.5,2.0,1.0,0.05,1,0.0,4.5,0.0
1266,2026-04-24T13:44:03.653Z,S20260424_144242,SC01,AUTO,50.7559,81.6355,0.0629,end,1,1500,VIDE,0.0,0.0,0.8,0.0,-0.698132,0.0,1,0,16.503,19.808,0.0,0.0,0.8,0.0,4.5,2.0,1.0,0.05,1,0.0,4.5,0.0
1267,2026-04-24T13:44:03.713Z,S20260424_144242,SC01,AUTO,50.8156,81.6953,0.0597,end,1,1500,VIDE,0.0,0.0,0.8,0.0,-0.698132,0.0,1,0,14.374,16.856,0.0,0.0,0.8,0.0,4.5,2.0,1.0,0.05,1,0.0,4.5,0.0
1268,2026-04-24T13:44:03.777Z,S20260424_144242,SC01,AUTO,50.8798,81.7595,0.0642,end,1,1500,VIDE,0.0,0.0,0.8,0.0,-0.698132,0.0,1,0,13.032,17.017,0.0,0.0,0.8,0.0,4.5,2.0,1.0,0.05,1,0.0,4.5,0.0
1269,2026-04-24T13:44:03.837Z,S20260424_144242,SC01,AUTO,50.9398,81.8195,0.06,end,1,1500,VIDE,0.0,0.0,0.8,0.0,-0.698132,0.0,1,0,16.656,19.063,0.0,0.0,0.8,0.0,4.5,2.0,1.0,0.05,1,0.0,4.5,0.0
1270,2026-04-24T13:44:03.899Z,S20260424_144242,SC01,AUTO,51.0013,81.881,0.0615,end,1,1500,VIDE,0.0,0.0,0.8,0.0,-0.698132,0.0,1,0,21.314,20.346,0.0,0.0,0.8,0.0,4.5,2.0,1.0,0.05,1,0.0,4.5,0.0
1271,2026-04-24T13:44:03.962Z,S20260424_144242,SC01,AUTO,51.065,81.9447,0.0637,end,1,1500,VIDE,0.0,0.0,0.8,0.0,-0.698132,0.0,1,0,19.805,18.913,0.0,0.0,0.8,0.0,4.5,2.0,1.0,0.05,1,0.0,4.5,0.0
1272,2026-04-24T13:44:04.026Z,S20260424_144242,SC01,AUTO,51.1283,82.008,0.0634,end,1,1500,VIDE,0.0,0.0,0.8,0.0,-0.698132,0.0,1,0,15.203,18.726,0.0,0.0,0.8,0.0,4.5,2.0,1.0,0.05,1,0.0,4.5,0.0
1273,2026-04-24T13:44:04.088Z,S20260424_144242,SC01,AUTO,51.1906,82.0703,0.0623,end,1,1500,VIDE,0.0,0.0,0.8,0.0,-0.698132,0.0,1,0,11.405,20.116,0.0,0.0,0.8,0.0,4.5,2.0,1.0,0.05,1,0.0,4.5,0.0
1274,2026-04-24T13:44:04.150Z,S20260424_144242,SC01,AUTO,51.2528,82.1324,0.0622,end,1,1500,VIDE,0.0,0.0,0.8,0.0,-0.698132,0.0,1,0,7.717,19.959,0.0,0.0,0.8,0.0,4.5,2.0,1.0,0.05,1,0.0,4.5,0.0
1275,2026-04-24T13:44:04.212Z,S20260424_144242,SC01,AUTO,51.315,82.1947,0.0622,end,1,1500,VIDE,0.0,0.0,0.8,0.0,-0.698132,0.0,1,0,10.954,19.941,0.0,0.0,0.8,0.0,4.5,2.0,1.0,0.05,1,0.0,4.5,0.0
1276,2026-04-24T13:44:04.275Z,S20260424_144242,SC01,AUTO,51.3774,82.257,0.0624,end,1,1500,VIDE,0.0,0.0,0.8,0.0,-0.698132,0.0,1,0,26.774,18.907,0.0,0.0,0.8,0.0,4.5,2.0,1.0,0.05,1,0.0,4.5,0.0
1277,2026-04-24T13:44:04.338Z,S20260424_144242,SC01,AUTO,51.4404,82.3201,0.063,end,1,1500,VIDE,0.0,0.0,0.8,0.0,-0.698132,0.0,1,0,24.365,15.939,0.0,0.0,0.8,0.0,4.5,2.0,1.0,0.05,1,0.0,4.5,0.0
1278,2026-04-24T13:44:04.400Z,S20260424_144242,SC01,AUTO,51.5028,82.3825,0.0624,end,1,1500,VIDE,0.0,0.0,0.8,0.0,-0.698132,0.0,1,0,22.299,16.948,0.0,0.0,0.8,0.0,4.5,2.0,1.0,0.05,1,0.0,4.5,0.0
1279,2026-04-24T13:44:04.463Z,S20260424_144242,SC01,AUTO,51.5655,82.4452,0.0627,end,1,1500,VIDE,0.0,0.0,0.8,0.0,-0.698132,0.0,1,0,44.721,1.228,0.0,0.0,0.8,0.0,4.5,2.0,1.0,0.05,1,0.0,4.5,0.0
1280,2026-04-24T13:44:04.525Z,S20260424_144242,SC01,AUTO,51.6278,82.5075,0.0622,end,1,1500,VIDE,0.0,0.0,0.8,0.0,-0.698132,0.0,1,0,21.714,19.417,0.0,0.0,0.8,0.0,4.5,2.0,1.0,0.05,1,0.0,4.5,0.0
1281,2026-04-24T13:44:04.586Z,S20260424_144242,SC01,AUTO,51.6882,82.5679,0.0606,end,1,1500,VIDE,0.0,0.0,0.8,0.0,-0.698132,0.0,1,0,18.737,18.083,0.0,0.0,0.8,0.0,4.5,2.0,1.0,0.05,1,0.0,4.5,0.0
1282,2026-04-24T13:44:04.651Z,S20260424_144242,SC01,AUTO,51.7532,82.6329,0.0649,end,1,1500,VIDE,0.0,0.0,0.8,0.0,-0.698132,0.0,1,0,14.941,19.842,0.0,0.0,0.8,0.0,4.5,2.0,1.0,0.05,1,0.0,4.5,0.0
1283,2026-04-24T13:44:04.712Z,S20260424_144242,SC01,AUTO,51.8143,82.694,0.0611,end,1,1500,VIDE,0.0,0.0,0.8,0.0,-0.698132,0.0,1,0,12.04,19.224,0.0,0.0,0.8,0.0,4.5,2.0,1.0,0.05,1,0.0,4.5,0.0
1284,2026-04-24T13:44:04.775Z,S20260424_144242,SC01,AUTO,51.878,82.7577,0.0637,end,1,1500,VIDE,0.0,0.0,0.8,0.0,-0.698132,0.0,1,0,17.351,18.83,0.0,0.0,0.8,0.0,4.5,2.0,1.0,0.05,1,0.0,4.5,0.0
1285,2026-04-24T13:44:04.837Z,S20260424_144242,SC01,AUTO,51.9393,82.819,0.0614,end,1,1500,VIDE,0.0,0.0,0.8,0.0,-0.698132,0.0,1,0,14.784,19.876,0.0,0.0,0.8,0.0,4.5,2.0,1.0,0.05,1,0.0,4.5,0.0
1286,2026-04-24T13:44:04.901Z,S20260424_144242,SC01,AUTO,52.0038,82.8835,0.0645,end,1,1500,VIDE,0.0,0.0,0.8,0.0,-0.698132,0.0,1,0,10.39,18.66,0.0,0.0,0.8,0.0,4.5,2.0,1.0,0.05,1,0.0,4.5,0.0
1287,2026-04-24T13:44:04.963Z,S20260424_144242,SC01,AUTO,52.0661,82.9458,0.0623,end,1,1500,VIDE,0.0,0.0,0.8,0.0,-0.698132,0.0,1,0,7.286,19.925,0.0,0.0,0.8,0.0,4.5,2.0,1.0,0.05,1,0.0,4.5,0.0
1288,2026-04-24T13:44:05.026Z,S20260424_144242,SC01,AUTO,52.1284,83.0081,0.0623,end,1,1500,VIDE,0.0,0.0,0.8,0.0,-0.698132,0.0,1,0,28.13,19.846,0.0,0.0,0.8,0.0,4.5,2.0,1.0,0.05,1,0.0,4.5,0.0
1289,2026-04-24T13:44:05.088Z,S20260424_144242,SC01,AUTO,52.1905,83.0702,0.0621,end,1,1500,VIDE,0.0,0.0,0.8,0.0,-0.698132,0.0,1,0,28.772,19.491,0.0,0.0,0.8,0.0,4.5,2.0,1.0,0.05,1,0.0,4.5,0.0
1290,2026-04-24T13:44:05.151Z,S20260424_144242,SC01,AUTO,52.2533,83.133,0.0628,end,1,1500,VIDE,0.0,0.0,0.8,0.0,-0.698132,0.0,1,0,10.593,19.913,0.0,0.0,0.8,0.0,4.5,2.0,1.0,0.05,1,0.0,4.5,0.0
1291,2026-04-24T13:44:05.213Z,S20260424_144242,SC01,AUTO,52.316,83.1956,0.0627,end,1,1500,VIDE,0.0,0.0,0.8,0.0,-0.698132,0.0,1,0,13.379,19.442,0.0,0.0,0.8,0.0,4.5,2.0,1.0,0.05,1,0.0,4.5,0.0
1292,2026-04-24T13:44:05.344Z,S20260424_144242,SC01,AUTO,52.4468,83.3265,0.1308,end,1,1500,VIDE,0.0,0.0,0.8,0.0,-0.698132,0.0,1,0,87.907,0.796,0.0,0.0,0.8,0.0,4.5,2.0,1.0,0.05,1,0.0,4.5,0.0
